0,111,0,0,0
2,111,257,50,1
4,111,259,50,1
6,111,261,50,1
8,111,258,50,1
10,111,259,50,1
12,111,267,50,1
14,111,250,50,1
16,111,235,50,1
18,111,294,50,1
20,111,262,50,1
22,111,277,50,1
24,111,252,50,1
26,111,255,50,1
28,111,258,50,1
30,111,262,50,1
32,111,269,50,1
34,111,274,50,1
36,111,282,50,1
38,111,289,50,1
40,111,332,50,1
42,111,345,50,1
44,111,349,50,1
46,111,340,50,1
48,111,326,50,1
50,111,315,50,1
52,111,305,50,1
54,111,298,50,1
56,111,289,50,1
58,111,283,50,1
60,111,276,50,1
62,111,272,50,1
64,111,268,50,1
66,111,263,50,1
68,111,253,50,1
70,111,247,50,1
72,111,245,50,1
74,111,243,50,1
76,111,239,50,1
78,111,235,50,1
80,111,231,50,1
82,111,231,50,1
84,111,234,50,1
86,111,233,50,1
88,111,232,50,1
90,111,231,50,1
92,111,230,50,1
94,111,230,50,1
96,111,230,50,1
98,111,230,50,1
100,111,231,50,1
102,111,231,50,1
104,111,232,50,1
106,111,233,50,1
108,111,234,50,1
110,111,237,50,1
112,111,238,50,1
114,111,240,50,1
116,111,243,50,1
118,111,247,50,1
120,111,251,50,1
122,111,249,50,1
124,111,198,50,1
126,111,189,50,1
128,111,209,50,1
130,111,216,50,1
132,111,199,50,1
134,111,199,50,1
136,111,195,50,1
138,111,180,50,1
140,111,42,50,1
142,111,43,50,1
144,111,46,50,1
146,111,49,50,1
148,111,52,50,1
150,111,56,50,1
152,111,59,50,1
154,111,62,50,1
156,111,66,50,1
158,111,70,50,1
160,111,73,50,1
162,111,76,50,1
164,111,101,50,1
166,111,120,50,1
164,111,119,50,1
162,111,119,50,1
160,111,95,50,1
158,111,76,50,1
156,111,72,50,1
154,111,69,50,1
152,111,65,50,1
150,111,62,50,1
148,111,59,50,1
146,111,55,50,1
144,111,51,50,1
142,111,48,50,1
140,111,46,50,1
138,111,43,50,1
136,111,42,50,1
134,111,183,50,1
132,111,198,50,1
130,111,199,50,1
128,111,203,50,1
126,111,215,50,1
124,111,202,50,1
122,111,191,50,1
120,111,230,50,1
118,111,254,50,1
116,111,250,50,1
114,111,247,50,1
112,111,243,50,1
110,111,239,50,1
108,111,236,50,1
106,111,236,50,1
104,111,234,50,1
102,111,233,50,1
100,111,232,50,1
98,111,231,50,1
96,111,230,50,1
94,111,230,50,1
92,111,230,50,1
90,111,230,50,1
88,111,231,50,1
86,111,231,50,1
84,111,232,50,1
82,111,234,50,1
80,111,231,50,1
78,111,230,50,1
76,111,231,50,1
74,111,233,50,1
72,111,238,50,1
70,111,241,50,1
68,111,245,50,1
66,111,248,50,1
64,111,260,50,1
62,111,265,50,1
60,111,270,50,1
58,111,274,50,1
56,111,281,50,1
54,111,287,50,1
52,111,296,50,1
50,111,301,50,1
48,111,309,50,1
46,111,317,50,1
44,111,332,50,1
42,111,340,50,1
40,111,355,50,1
38,111,352,50,1
36,111,302,50,1
34,111,286,50,1
32,111,277,50,1
30,111,273,50,1
28,111,267,50,1
26,111,262,50,1
24,111,257,50,1
22,111,254,50,1
20,111,249,50,1
18,111,281,50,1
16,111,267,50,1
14,111,286,50,1
12,111,232,50,1
10,111,249,50,1
8,111,266,50,1
6,111,256,50,1
4,111,259,50,1
2,111,259,50,1
0,111,258,50,1
2,111,256,50,1
4,111,258,50,1
6,111,259,50,1
8,111,256,50,1
10,111,257,50,1
12,111,267,50,1
14,111,247,50,1
16,111,237,50,1
18,111,294,50,1
20,111,261,50,1
22,111,277,50,1
24,111,252,50,1
26,111,255,50,1
28,111,260,50,1
30,111,262,50,1
32,111,268,50,1
34,111,274,50,1
36,111,282,50,1
38,111,289,50,1
40,111,334,50,1
42,111,343,50,1
44,111,348,50,1
46,111,338,50,1
48,111,324,50,1
50,111,316,50,1
52,111,304,50,1
54,111,298,50,1
56,111,289,50,1
58,111,284,50,1
60,111,278,50,1
62,111,273,50,1
64,111,267,50,1
66,111,263,50,1
68,111,255,50,1
70,111,249,50,1
72,111,245,50,1
74,111,243,50,1
76,111,239,50,1
78,111,236,50,1
80,111,232,50,1
82,111,232,50,1
84,111,234,50,1
86,111,233,50,1
88,111,231,50,1
90,111,231,50,1
92,111,231,50,1
94,111,231,50,1
96,111,230,50,1
98,111,230,50,1
100,111,231,50,1
102,111,230,50,1
104,111,232,50,1
106,111,233,50,1
108,111,235,50,1
110,111,236,50,1
112,111,238,50,1
114,111,241,50,1
116,111,244,50,1
118,111,247,50,1
120,111,250,50,1
122,111,250,50,1
124,111,193,50,1
126,111,191,50,1
128,111,216,50,1
130,111,215,50,1
132,111,198,50,1
134,111,199,50,1
136,111,195,50,1
138,111,183,50,1
140,111,42,50,1
142,111,44,50,1
144,111,47,50,1
146,111,49,50,1
148,111,52,50,1
150,111,55,50,1
152,111,59,50,1
154,111,62,50,1
156,111,65,50,1
158,111,69,50,1
160,111,72,50,1
162,111,75,50,1
164,111,103,50,1
166,111,119,50,1
164,111,119,50,1
162,111,120,50,1
160,111,98,50,1
158,111,76,50,1
156,111,72,50,1
154,111,69,50,1
152,111,66,50,1
150,111,62,50,1
148,111,58,50,1
146,111,55,50,1
144,111,51,50,1
142,111,48,50,1
140,111,45,50,1
138,111,43,50,1
136,111,44,50,1
134,111,185,50,1
132,111,199,50,1
130,111,199,50,1
128,111,206,50,1
126,111,214,50,1
124,111,199,50,1
122,111,191,50,1
120,111,233,50,1
118,111,253,50,1
116,111,250,50,1
114,111,246,50,1
112,111,243,50,1
110,111,240,50,1
108,111,237,50,1
106,111,235,50,1
104,111,234,50,1
102,111,233,50,1
100,111,231,50,1
98,111,231,50,1
96,111,231,50,1
94,111,230,50,1
92,111,230,50,1
90,111,231,50,1
88,111,231,50,1
86,111,231,50,1
84,111,233,50,1
82,111,234,50,1
80,111,232,50,1
78,111,230,50,1
76,111,232,50,1
74,111,235,50,1
72,111,238,50,1
70,111,241,50,1
68,111,245,50,1
66,111,249,50,1
64,111,261,50,1
62,111,264,50,1
60,111,270,50,1
58,111,274,50,1
56,111,281,50,1
54,111,287,50,1
52,111,295,50,1
50,111,301,50,1
48,111,310,50,1
46,111,319,50,1
44,111,331,50,1
42,111,341,50,1
40,111,353,50,1
38,111,352,50,1
36,111,300,50,1
34,111,286,50,1
32,111,279,50,1
30,111,273,50,1
28,111,268,50,1
26,111,262,50,1
24,111,257,50,1
22,111,253,50,1
20,111,250,50,1
18,111,288,50,1
16,111,271,50,1
14,111,276,50,1
12,111,233,50,1
10,111,252,50,1
8,111,266,50,1
6,111,258,50,1
4,111,261,50,1
2,111,261,50,1
0,111,259,50,1
2,111,257,50,1
4,111,260,50,1
6,111,261,50,1
8,111,258,50,1
10,111,260,50,1
12,111,267,50,1
14,111,245,50,1
16,111,239,50,1
18,111,294,50,1
20,111,264,50,1
22,111,274,50,1
24,111,252,50,1
26,111,255,50,1
28,111,259,50,1
30,111,262,50,1
32,111,267,50,1
34,111,274,50,1
36,111,283,50,1
38,111,290,50,1
40,111,334,50,1
42,111,344,50,1
44,111,346,50,1
46,111,339,50,1
48,111,324,50,1
50,111,316,50,1
52,111,304,50,1
54,111,296,50,1
56,111,290,50,1
58,111,285,50,1
60,111,277,50,1
62,111,273,50,1
64,111,266,50,1
66,111,262,50,1
68,111,254,50,1
70,111,249,50,1
72,111,246,50,1
74,111,243,50,1
76,111,239,50,1
78,111,237,50,1
80,111,232,50,1
82,111,232,50,1
84,111,234,50,1
86,111,233,50,1
88,111,232,50,1
90,111,230,50,1
92,111,230,50,1
94,111,230,50,1
96,111,230,50,1
98,111,230,50,1
100,111,230,50,1
102,111,231,50,1
104,111,233,50,1
106,111,233,50,1
108,111,235,50,1
110,111,236,50,1
112,111,238,50,1
114,111,241,50,1
116,111,243,50,1
118,111,246,50,1
120,111,250,50,1
122,111,250,50,1
124,111,193,50,1
126,111,189,50,1
128,111,211,50,1
130,111,215,50,1
132,111,198,50,1
134,111,199,50,1
136,111,193,50,1
138,111,176,50,1
140,111,42,50,1
142,111,44,50,1
144,111,47,50,1
146,111,49,50,1
148,111,51,50,1
150,111,55,50,1
152,111,59,50,1
154,111,62,50,1
156,111,65,50,1
158,111,69,50,1
160,111,72,50,1
162,111,76,50,1
164,111,106,50,1
166,111,120,50,1
164,111,119,50,1
162,111,119,50,1
160,111,100,50,1
158,111,75,50,1
156,111,72,50,1
154,111,70,50,1
152,111,66,50,1
150,111,63,50,1
148,111,58,50,1
146,111,55,50,1
144,111,52,50,1
142,111,49,50,1
140,111,46,50,1
138,111,43,50,1
136,111,42,50,1
134,111,185,50,1
132,111,198,50,1
130,111,199,50,1
128,111,206,50,1
126,111,213,50,1
124,111,210,50,1
122,111,190,50,1
120,111,231,50,1
118,111,251,50,1
116,111,250,50,1
114,111,246,50,1
112,111,242,50,1
110,111,239,50,1
108,111,237,50,1
106,111,235,50,1
104,111,233,50,1
102,111,233,50,1
100,111,232,50,1
98,111,231,50,1
96,111,230,50,1
94,111,230,50,1
92,111,230,50,1
90,111,230,50,1
88,111,230,50,1
86,111,231,50,1
84,111,233,50,1
82,111,234,50,1
80,111,232,50,1
78,111,230,50,1
76,111,232,50,1
74,111,235,50,1
72,111,239,50,1
70,111,241,50,1
68,111,245,50,1
66,111,248,50,1
64,111,258,50,1
62,111,264,50,1
60,111,270,50,1
58,111,275,50,1
56,111,282,50,1
54,111,287,50,1
52,111,296,50,1
50,111,301,50,1
48,111,310,50,1
46,111,320,50,1
44,111,331,50,1
42,111,342,50,1
40,111,352,50,1
38,111,352,50,1
36,111,309,50,1
34,111,288,50,1
32,111,279,50,1
30,111,273,50,1
28,111,266,50,1
26,111,262,50,1
24,111,257,50,1
22,111,254,50,1
20,111,249,50,1
18,111,282,50,1
16,111,267,50,1
14,111,271,50,1
12,111,232,50,1
10,111,253,50,1
8,111,266,50,1
6,111,261,50,1
4,111,259,50,1
2,111,261,50,1
0,111,260,50,1
2,111,257,50,1
4,111,259,50,1
6,111,261,50,1
8,111,256,50,1
10,111,260,50,1
12,111,268,50,1
14,111,245,50,1
16,111,238,50,1
18,111,294,50,1
20,111,263,50,1
22,111,269,50,1
24,111,252,50,1
26,111,254,50,1
28,111,259,50,1
30,111,261,50,1
32,111,268,50,1
34,111,275,50,1
36,111,283,50,1
38,111,290,50,1
40,111,337,50,1
42,111,342,50,1
44,111,345,50,1
46,111,339,50,1
48,111,325,50,1
50,111,315,50,1
52,111,303,50,1
54,111,299,50,1
56,111,290,50,1
58,111,285,50,1
60,111,278,50,1
62,111,273,50,1
64,111,267,50,1
66,111,263,50,1
68,111,254,50,1
70,111,250,50,1
72,111,246,50,1
74,111,242,50,1
76,111,239,50,1
78,111,236,50,1
80,111,233,50,1
82,111,232,50,1
84,111,234,50,1
86,111,233,50,1
88,111,232,50,1
90,111,232,50,1
92,111,230,50,1
94,111,230,50,1
96,111,230,50,1
98,111,230,50,1
100,111,230,50,1
102,111,232,50,1
104,111,232,50,1
106,111,233,50,1
108,111,235,50,1
110,111,236,50,1
112,111,239,50,1
114,111,240,50,1
116,111,243,50,1
118,111,246,50,1
120,111,251,50,1
122,111,249,50,1
124,111,193,50,1
126,111,191,50,1
128,111,218,50,1
130,111,212,50,1
132,111,198,50,1
134,111,199,50,1
136,111,196,50,1
138,111,182,50,1
140,111,42,50,1
142,111,44,50,1
144,111,47,50,1
146,111,49,50,1
148,111,52,50,1
150,111,55,50,1
152,111,59,50,1
154,111,62,50,1
156,111,66,50,1
158,111,71,50,1
160,111,73,50,1
162,111,77,50,1
164,111,110,50,1
166,111,120,50,1
164,111,119,50,1
162,111,120,50,1
160,111,89,50,1
158,111,76,50,1
156,111,72,50,1
154,111,70,50,1
152,111,66,50,1
150,111,62,50,1
148,111,58,50,1
146,111,55,50,1
144,111,51,50,1
142,111,48,50,1
140,111,46,50,1
138,111,44,50,1
136,111,45,50,1
134,111,186,50,1
132,111,199,50,1
130,111,199,50,1
128,111,205,50,1
126,111,215,50,1
124,111,207,50,1
122,111,191,50,1
120,111,232,50,1
118,111,252,50,1
116,111,249,50,1
114,111,246,50,1
112,111,243,50,1
110,111,239,50,1
108,111,237,50,1
106,111,235,50,1
104,111,234,50,1
102,111,232,50,1
100,111,231,50,1
98,111,231,50,1
96,111,230,50,1
94,111,230,50,1
92,111,230,50,1
90,111,230,50,1
88,111,231,50,1
86,111,231,50,1
84,111,232,50,1
82,111,235,50,1
80,111,232,50,1
78,111,229,50,1
76,111,232,50,1
74,111,236,50,1
72,111,239,50,1
70,111,241,50,1
68,111,246,50,1
66,111,248,50,1
64,111,259,50,1
62,111,265,50,1
60,111,270,50,1
58,111,275,50,1
56,111,282,50,1
54,111,287,50,1
52,111,296,50,1
50,111,301,50,1
48,111,311,50,1
46,111,320,50,1
44,111,333,50,1
42,111,343,50,1
40,111,353,50,1
38,111,349,50,1
36,111,306,50,1
34,111,287,50,1
32,111,279,50,1
30,111,274,50,1
28,111,267,50,1
26,111,262,50,1
24,111,257,50,1
22,111,253,50,1
20,111,249,50,1
18,111,284,50,1
16,111,270,50,1
14,111,262,50,1
12,111,233,50,1
10,111,241,50,1
8,111,267,50,1
6,111,259,50,1
4,111,260,50,1
2,111,262,50,1
0,111,259,50,1
2,111,258,50,1
4,111,260,50,1
6,111,261,50,1
8,111,257,50,1
10,111,260,50,1
12,111,267,50,1
14,111,243,50,1
16,111,241,50,1
18,111,293,50,1
20,111,261,50,1
22,111,277,50,1
24,111,251,50,1
26,111,254,50,1
28,111,259,50,1
30,111,262,50,1
32,111,268,50,1
34,111,276,50,1
36,111,283,50,1
38,111,290,50,1
40,111,337,50,1
42,111,343,50,1
44,111,347,50,1
46,111,339,50,1
48,111,322,50,1
50,111,318,50,1
52,111,307,50,1
54,111,298,50,1
56,111,289,50,1
58,111,285,50,1
60,111,278,50,1
62,111,272,50,1
64,111,266,50,1
66,111,261,50,1
68,111,254,50,1
70,111,249,50,1
72,111,246,50,1
74,111,243,50,1
76,111,238,50,1
78,111,236,50,1
80,111,233,50,1
82,111,232,50,1
84,111,234,50,1
86,111,233,50,1
88,111,233,50,1
90,111,231,50,1
92,111,231,50,1
94,111,230,50,1
96,111,230,50,1
98,111,230,50,1
100,111,231,50,1
102,111,230,50,1
104,111,232,50,1
106,111,233,50,1
108,111,235,50,1
110,111,237,50,1
112,111,238,50,1
114,111,240,50,1
116,111,243,50,1
118,111,247,50,1
120,111,251,50,1
122,111,250,50,1
124,111,193,50,1
126,111,191,50,1
128,111,214,50,1
130,111,213,50,1
132,111,198,50,1
134,111,200,50,1
136,111,180,50,1
138,111,168,50,1
140,111,42,50,1
142,111,44,50,1
144,111,46,50,1
146,111,48,50,1
148,111,52,50,1
150,111,55,50,1
152,111,59,50,1
154,111,62,50,1
156,111,66,50,1
158,111,70,50,1
160,111,72,50,1
162,111,75,50,1
164,111,104,50,1
166,111,120,50,1
164,111,120,50,1
162,111,120,50,1
160,111,114,50,1
158,111,76,50,1
156,111,72,50,1
154,111,71,50,1
152,111,65,50,1
150,111,62,50,1
148,111,58,50,1
146,111,54,50,1
144,111,51,50,1
142,111,48,50,1
140,111,45,50,1
138,111,43,50,1
136,111,48,50,1
134,111,186,50,1
132,111,197,50,1
130,111,199,50,1
128,111,204,50,1
126,111,213,50,1
124,111,156,50,1
122,111,121,50,1
120,111,117,50,1
118,111,115,50,1
116,111,117,50,1
114,111,117,50,1
112,111,114,50,1
110,111,111,50,1
108,111,111,50,1
106,111,113,50,1
104,111,229,50,1
102,111,231,50,1
100,111,231,50,1
98,111,230,50,1
96,111,230,50,1
94,111,230,50,1
92,111,229,50,1
90,111,198,50,1
88,111,122,50,1
86,111,149,50,1
84,111,232,50,1
82,111,232,50,1
80,111,213,50,1
78,111,54,50,1
76,111,52,50,1
74,111,48,50,1
72,111,44,50,1
70,111,23,50,1
68,111,21,50,1
66,111,21,50,1
64,111,21,50,1
62,111,21,50,1
60,111,22,50,1
58,111,28,49,1
56,111,27,49,1
54,111,29,50,1
52,111,32,49,1
50,111,284,50,1
48,111,309,50,1
46,111,319,49,1
44,111,332,50,1
42,111,340,50,1
40,111,352,50,1
38,111,351,50,1
36,111,306,50,1
34,111,286,50,1
32,111,277,50,1
30,111,269,50,1
28,111,197,50,1
26,111,253,50,1
24,111,235,50,1
22,111,250,50,1
20,111,191,50,1
18,111,284,50,1
16,111,221,50,1
14,111,118,50,1
12,111,116,50,1
10,111,118,50,1
8,111,122,50,1
6,111,128,50,1
4,111,138,50,1
2,111,145,50,1
DET,117,111,33
DET,68,21,28
DET,12,116,87
0,111,172,50,1
2,111,256,50,1
4,111,167,50,1
6,111,161,50,1
8,111,153,50,1
10,111,153,50,1
12,111,157,50,1
14,111,162,50,1
16,111,233,50,1
18,111,291,50,1
20,111,261,50,1
22,111,275,50,1
24,111,252,50,1
26,111,255,50,1
28,111,259,50,1
30,111,263,50,1
32,111,269,50,1
34,111,274,50,1
36,111,284,50,1
38,111,290,50,1
40,111,339,50,1
42,111,345,50,1
44,111,345,50,1
46,111,338,50,1
48,111,328,50,1
50,111,316,50,1
52,111,307,50,1
54,111,299,50,1
56,111,289,50,1
58,111,285,50,1
60,111,278,50,1
62,111,273,50,1
64,111,266,50,1
66,111,262,50,1
68,111,253,50,1
70,111,250,50,1
72,111,246,50,1
74,111,243,50,1
76,111,240,50,1
78,111,236,50,1
80,111,232,50,1
82,111,232,50,1
84,111,234,50,1
86,111,233,50,1
88,111,232,50,1
90,111,231,50,1
92,111,230,50,1
94,111,230,50,1
96,111,230,50,1
98,111,230,50,1
100,111,231,50,1
102,111,231,50,1
104,111,233,50,1
106,111,232,50,1
108,111,234,50,1
110,111,235,50,1
112,111,238,50,1
114,111,240,50,1
116,111,243,50,1
118,111,246,50,1
120,111,251,50,1
122,111,250,50,1
124,111,192,50,1
126,111,193,50,1
128,111,212,50,1
130,111,213,50,1
132,111,198,50,1
134,111,200,50,1
136,111,198,50,1
138,111,185,50,1
140,111,42,50,1
142,111,44,50,1
144,111,46,50,1
146,111,49,50,1
148,111,52,50,1
150,111,56,50,1
152,111,59,50,1
154,111,63,50,1
156,111,66,50,1
158,111,71,50,1
160,111,73,50,1
162,111,76,50,1
164,111,100,50,1
DET,9,153,29
166,111,120,50,1
164,111,119,50,1
162,111,120,50,1
160,111,104,50,1
158,111,76,50,1
156,111,72,50,1
154,111,69,50,1
152,111,65,50,1
150,111,62,50,1
148,111,59,50,1
146,111,55,50,1
144,111,51,50,1
142,111,48,50,1
140,111,45,50,1
138,111,43,50,1
136,111,42,50,1
134,111,181,50,1
132,111,196,50,1
130,111,199,50,1
128,111,203,50,1
126,111,214,50,1
124,111,208,50,1
122,111,191,50,1
120,111,242,50,1
118,111,251,50,1
116,111,250,50,1
114,111,246,50,1
112,111,242,50,1
110,111,239,50,1
108,111,237,50,1
106,111,235,50,1
104,111,234,50,1
102,111,232,50,1
100,111,231,50,1
98,111,231,50,1
96,111,230,50,1
94,111,230,50,1
92,111,230,50,1
90,111,230,50,1
88,111,231,50,1
86,111,231,50,1
84,111,232,50,1
82,111,234,50,1
80,111,232,50,1
78,111,230,50,1
76,111,232,50,1
74,111,235,50,1
72,111,240,50,1
70,111,242,50,1
68,111,246,50,1
66,111,249,50,1
64,111,260,50,1
62,111,264,50,1
60,111,271,50,1
58,111,275,50,1
56,111,282,50,1
54,111,288,50,1
52,111,297,50,1
50,111,302,50,1
48,111,309,50,1
46,111,318,50,1
44,111,329,50,1
42,111,341,50,1
40,111,353,50,1
38,111,349,50,1
36,111,304,50,1
34,111,287,50,1
32,111,278,50,1
30,111,273,50,1
28,111,267,50,1
26,111,261,50,1
24,111,227,50,1
22,111,175,50,1
20,111,173,50,1
18,111,171,50,1
16,111,166,50,1
14,111,167,50,1
12,111,213,50,1
10,111,245,50,1
8,111,267,50,1
6,111,260,50,1
4,111,261,50,1
2,111,262,50,1
DET,21,166,25
0,111,261,50,1
2,111,258,50,1
4,111,260,50,1
6,111,262,50,1
8,111,258,50,1
10,111,261,50,1
12,111,267,50,1
14,111,250,50,1
16,111,173,50,1
18,111,166,50,1
20,111,167,50,1
22,111,169,50,1
24,111,174,50,1
26,111,184,50,1
28,111,257,50,1
30,111,262,50,1
32,111,268,50,1
34,111,275,50,1
36,111,283,50,1
38,111,290,50,1
40,111,339,50,1
42,111,340,50,1
44,111,348,50,1
46,111,340,50,1
48,111,327,50,1
50,111,315,50,1
52,111,307,50,1
54,111,298,50,1
56,111,289,50,1
58,111,284,50,1
60,111,276,50,1
62,111,272,50,1
64,111,266,50,1
66,111,263,50,1
68,111,254,50,1
70,111,251,50,1
72,111,247,50,1
74,111,243,50,1
76,111,240,50,1
78,111,237,50,1
80,111,233,50,1
82,111,232,50,1
84,111,235,50,1
86,111,233,50,1
88,111,232,50,1
90,111,231,50,1
92,111,230,50,1
94,111,230,50,1
96,111,230,50,1
98,111,230,50,1
100,111,231,50,1
102,111,231,50,1
104,111,232,50,1
106,111,233,50,1
108,111,234,50,1
110,111,236,50,1
112,111,238,50,1
114,111,240,50,1
116,111,244,50,1
118,111,247,50,1
120,111,251,50,1
122,111,249,50,1
124,111,191,50,1
126,111,190,50,1
128,111,218,50,1
130,111,212,50,1
132,111,199,50,1
134,111,199,50,1
136,111,195,50,1
138,111,183,50,1
140,111,42,50,1
142,111,44,50,1
144,111,47,50,1
146,111,49,50,1
148,111,53,50,1
150,111,56,50,1
152,111,60,50,1
154,111,63,50,1
156,111,66,50,1
158,111,71,50,1
160,111,72,50,1
162,111,75,50,1
164,111,100,50,1
DET,21,166,32
166,111,120,50,1
164,111,119,50,1
162,111,120,50,1
160,111,97,50,1
158,111,75,50,1
156,111,72,50,1
154,111,69,50,1
152,111,65,50,1
150,111,62,50,1
148,111,58,50,1
146,111,54,50,1
144,111,51,50,1
142,111,49,50,1
140,111,46,50,1
138,111,44,50,1
136,111,42,50,1
134,111,183,50,1
132,111,197,50,1
130,111,199,50,1
128,111,200,50,1
126,111,214,50,1
124,111,208,50,1
122,111,191,50,1
120,111,239,50,1
118,111,253,50,1
116,111,249,50,1
114,111,246,50,1
112,111,243,50,1
110,111,239,50,1
108,111,237,50,1
106,111,236,50,1
104,111,234,50,1
102,111,233,50,1
100,111,231,50,1
98,111,231,50,1
96,111,231,50,1
94,111,230,50,1
92,111,230,50,1
90,111,230,50,1
88,111,231,50,1
86,111,231,50,1
84,111,233,50,1
82,111,234,50,1
80,111,233,50,1
78,111,230,50,1
76,111,232,50,1
74,111,235,50,1
72,111,238,50,1
70,111,241,50,1
68,111,246,50,1
66,111,250,50,1
64,111,260,50,1
62,111,265,50,1
60,111,272,50,1
58,111,275,50,1
56,111,283,50,1
54,111,289,50,1
52,111,295,50,1
50,111,298,50,1
48,111,308,50,1
46,111,318,50,1
44,111,330,50,1
42,111,341,50,1
40,111,351,50,1
38,111,350,50,1
36,111,300,50,1
34,111,286,50,1
32,111,278,50,1
30,111,273,50,1
28,111,267,50,1
26,111,261,50,1
24,111,222,50,1
22,111,176,50,1
20,111,173,50,1
18,111,170,50,1
16,111,166,50,1
14,111,166,50,1
12,111,203,50,1
10,111,244,50,1
8,111,267,50,1
6,111,258,50,1
4,111,259,50,1
2,111,259,50,1
DET,20,166,42
0,111,259,50,1
2,111,256,50,1
4,111,259,50,1
6,111,260,50,1
8,111,256,50,1
10,111,258,50,1
12,111,267,50,1
14,111,246,50,1
16,111,170,50,1
18,111,166,50,1
20,111,166,50,1
22,111,169,50,1
24,111,174,50,1
26,111,184,50,1
28,111,258,50,1
30,111,263,50,1
32,111,270,50,1
34,111,276,50,1
36,111,282,50,1
38,111,289,50,1
40,111,335,50,1
42,111,342,50,1
44,111,350,50,1
46,111,338,50,1
48,111,327,50,1
50,111,317,50,1
52,111,306,50,1
54,111,299,50,1
56,111,289,50,1
58,111,286,50,1
60,111,276,50,1
62,111,271,50,1
64,111,265,50,1
66,111,263,50,1
68,111,255,50,1
70,111,250,50,1
72,111,246,50,1
74,111,244,50,1
76,111,239,50,1
78,111,237,50,1
80,111,233,50,1
82,111,233,50,1
84,111,235,50,1
86,111,233,50,1
88,111,232,50,1
90,111,231,50,1
92,111,231,50,1
94,111,230,50,1
96,111,230,50,1
98,111,230,50,1
100,111,231,50,1
102,111,231,50,1
104,111,232,50,1
106,111,233,50,1
108,111,235,50,1
110,111,237,50,1
112,111,239,50,1
114,111,240,50,1
116,111,243,50,1
118,111,246,50,1
120,111,251,50,1
122,111,249,50,1
124,111,192,50,1
126,111,193,50,1
128,111,218,50,1
130,111,216,50,1
132,111,198,50,1
134,111,199,50,1
136,111,194,50,1
138,111,180,50,1
140,111,42,50,1
142,111,44,50,1
144,111,47,50,1
146,111,49,50,1
148,111,53,50,1
150,111,56,50,1
152,111,60,50,1
154,111,63,50,1
156,111,67,50,1
158,111,71,50,1
160,111,73,50,1
162,111,76,50,1
164,111,100,50,1
DET,21,166,33
166,111,120,50,1
164,111,120,50,1
162,111,120,50,1
160,111,101,50,1
158,111,75,50,1
156,111,72,50,1
154,111,69,50,1
152,111,65,50,1
150,111,63,50,1
148,111,58,50,1
146,111,55,50,1
144,111,52,50,1
142,111,49,50,1
140,111,46,50,1
138,111,44,50,1
136,111,42,50,1
134,111,183,50,1
132,111,198,50,1
130,111,199,50,1
128,111,205,50,1
126,111,214,50,1
124,111,206,50,1
122,111,191,50,1
120,111,239,50,1
118,111,253,50,1
116,111,251,50,1
114,111,246,50,1
112,111,243,50,1
110,111,240,50,1
108,111,237,50,1
106,111,236,50,1
104,111,234,50,1
102,111,233,50,1
100,111,231,50,1
98,111,231,50,1
96,111,230,50,1
94,111,230,50,1
92,111,230,50,1
90,111,231,50,1
88,111,231,50,1
86,111,231,50,1
84,111,233,50,1
82,111,235,50,1
80,111,232,50,1
78,111,230,50,1
76,111,232,50,1
74,111,235,50,1
72,111,239,50,1
70,111,241,50,1
68,111,247,50,1
66,111,250,50,1
64,111,260,50,1
62,111,265,50,1
60,111,272,50,1
58,111,275,50,1
56,111,281,50,1
54,111,287,50,1
52,111,294,50,1
50,111,299,50,1
48,111,310,50,1
46,111,319,50,1
44,111,331,50,1
42,111,342,50,1
40,111,353,50,1
38,111,350,50,1
36,111,299,50,1
34,111,286,50,1
32,111,278,50,1
30,111,273,50,1
28,111,268,50,1
26,111,262,50,1
24,111,251,50,1
22,111,178,50,1
20,111,172,50,1
18,111,169,50,1
16,111,165,50,1
14,111,166,50,1
12,111,198,50,1
10,111,245,50,1
8,111,267,50,1
6,111,259,50,1
4,111,259,50,1
2,111,259,50,1
DET,20,165,38
0,111,258,50,1
2,111,255,50,1
4,111,258,50,1
6,111,260,50,1
8,111,256,50,1
10,111,258,50,1
12,111,267,50,1
14,111,244,50,1
16,111,168,50,1
18,111,166,50,1
20,111,166,50,1
22,111,169,50,1
24,111,174,50,1
26,111,188,50,1
28,111,259,50,1
30,111,262,50,1
32,111,268,50,1
34,111,275,50,1
36,111,283,50,1
38,111,289,50,1
40,111,335,50,1
42,111,342,50,1
44,111,348,50,1
46,111,339,50,1
48,111,323,50,1
50,111,314,50,1
52,111,305,50,1
54,111,298,50,1
56,111,289,50,1
58,111,284,50,1
60,111,277,50,1
62,111,272,50,1
64,111,268,50,1
66,111,263,50,1
68,111,254,50,1
70,111,250,50,1
72,111,247,50,1
74,111,243,50,1
76,111,240,50,1
78,111,237,50,1
80,111,233,50,1
82,111,233,50,1
84,111,234,50,1
86,111,233,50,1
88,111,231,50,1
90,111,231,50,1
92,111,230,50,1
94,111,231,50,1
96,111,230,50,1
98,111,231,50,1
100,111,230,50,1
102,111,231,50,1
104,111,232,50,1
106,111,233,50,1
108,111,235,50,1
110,111,237,50,1
112,111,239,50,1
114,111,241,50,1
116,111,243,50,1
118,111,247,50,1
120,111,252,50,1
122,111,250,50,1
124,111,193,50,1
126,111,193,50,1
128,111,217,50,1
130,111,213,50,1
132,111,198,50,1
134,111,200,50,1
136,111,195,50,1
138,111,182,50,1
140,111,42,50,1
142,111,45,50,1
144,111,47,50,1
146,111,49,50,1
148,111,53,50,1
150,111,56,50,1
152,111,59,50,1
154,111,63,50,1
156,111,67,49,1
158,111,72,49,1
160,111,74,49,1
162,111,76,49,1
164,111,103,49,1
DET,21,166,36
166,111,119,49,1
164,111,119,49,1
162,111,120,50,1
160,111,95,50,1
158,111,75,50,1
156,111,73,50,1
154,111,69,50,1
152,111,66,50,1
150,111,63,50,1
148,111,59,50,1
146,111,55,50,1
144,111,52,50,1
142,111,49,50,1
140,111,46,50,1
138,111,43,50,1
136,111,43,50,1
134,111,182,50,1
132,111,198,50,1
130,111,199,50,1
128,111,202,50,1
126,111,214,50,1
124,111,208,50,1
122,111,191,50,1
120,111,226,50,1
118,111,249,50,1
116,111,250,50,1
114,111,246,50,1
112,111,243,50,1
110,111,240,50,1
108,111,237,50,1
106,111,235,50,1
104,111,234,50,1
102,111,233,50,1
100,111,231,50,1
98,111,231,50,1
96,111,230,50,1
94,111,230,50,1
92,111,230,50,1
90,111,230,50,1
88,111,231,50,1
86,111,231,50,1
84,111,233,50,1
82,111,234,50,1
80,111,232,50,1
78,111,231,50,1
76,111,234,50,1
74,111,236,50,1
72,111,240,50,1
70,111,243,50,1
68,111,247,50,1
66,111,249,50,1
64,111,262,50,1
62,111,264,50,1
60,111,269,50,1
58,111,275,50,1
56,111,281,50,1
54,111,288,50,1
52,111,296,50,1
50,111,301,50,1
48,111,312,50,1
46,111,320,50,1
44,111,333,50,1
42,111,342,50,1
40,111,353,50,1
38,111,350,50,1
36,111,297,50,1
34,111,286,50,1
32,111,280,50,1
30,111,274,50,1
28,111,267,50,1
26,111,262,50,1
24,111,251,50,1
22,111,176,50,1
20,111,172,50,1
18,111,169,50,1
16,111,165,50,1
14,111,166,50,1
12,111,200,50,1
10,111,247,50,1
8,111,268,50,1
6,111,260,50,1
4,111,259,50,1
2,111,261,50,1
DET,20,165,40
0,111,259,50,1
2,111,257,50,1
4,111,260,50,1
6,111,261,50,1
8,111,256,50,1
10,111,260,50,1
12,111,267,50,1
14,111,242,50,1
16,111,168,50,1
18,111,165,50,1
20,111,166,50,1
22,111,169,50,1
24,111,174,50,1
26,111,191,50,1
28,111,257,50,1
30,111,261,50,1
32,111,268,50,1
34,111,275,50,1
36,111,283,50,1
38,111,289,50,1
40,111,336,50,1
42,111,340,50,1
44,111,347,50,1
46,111,340,50,1
48,111,324,50,1
50,111,316,50,1
52,111,304,50,1
54,111,297,50,1
56,111,288,50,1
58,111,286,50,1
60,111,278,50,1
62,111,272,50,1
64,111,266,50,1
66,111,262,50,1
68,111,255,50,1
70,111,251,50,1
72,111,246,50,1
74,111,243,50,1
76,111,240,50,1
78,111,237,50,1
80,111,232,50,1
82,111,233,50,1
84,111,235,50,1
86,111,234,50,1
88,111,233,50,1
90,111,231,50,1
92,111,231,50,1
94,111,230,50,1
96,111,230,50,1
98,111,230,50,1
100,111,230,50,1
102,111,231,50,1
104,111,233,50,1
106,111,233,50,1
108,111,234,50,1
110,111,236,50,1
112,111,239,50,1
114,111,240,50,1
116,111,244,50,1
118,111,246,50,1
120,111,251,50,1
122,111,249,50,1
124,111,192,50,1
126,111,191,50,1
128,111,217,50,1
130,111,213,50,1
132,111,198,50,1
134,111,200,50,1
136,111,192,50,1
138,111,173,50,1
140,111,42,50,1
142,111,45,50,1
144,111,47,50,1
146,111,49,50,1
148,111,52,50,1
150,111,56,50,1
152,111,59,50,1
154,111,62,50,1
156,111,66,50,1
158,111,70,50,1
160,111,73,50,1
162,111,76,50,1
164,111,114,50,1
DET,21,165,38
166,111,119,50,1
164,111,119,50,1
162,111,120,50,1
160,111,93,50,1
158,111,75,50,1
156,111,73,50,1
154,111,70,50,1
152,111,66,50,1
150,111,63,50,1
148,111,59,50,1
146,111,55,50,1
144,111,51,50,1
142,111,49,50,1
140,111,46,50,1
138,111,43,50,1
136,111,42,50,1
134,111,184,50,1
132,111,198,50,1
130,111,199,50,1
128,111,207,50,1
126,111,215,50,1
124,111,210,50,1
122,111,191,50,1
120,111,228,50,1
118,111,252,50,1
116,111,250,50,1
114,111,246,50,1
112,111,243,50,1
110,111,240,50,1
108,111,237,50,1
106,111,236,50,1
104,111,234,50,1
102,111,233,50,1
100,111,231,50,1
98,111,231,50,1
96,111,230,50,1
94,111,230,50,1
92,111,230,50,1
90,111,230,50,1
88,111,231,50,1
86,111,231,50,1
84,111,233,50,1
82,111,235,50,1
80,111,232,50,1
78,111,230,50,1
76,111,233,50,1
74,111,236,50,1
72,111,240,50,1
70,111,242,50,1
68,111,247,50,1
66,111,250,50,1
64,111,260,50,1
62,111,264,50,1
60,111,270,50,1
58,111,275,50,1
56,111,282,50,1
54,111,288,50,1
52,111,297,50,1
50,111,301,50,1
48,111,310,50,1
46,111,319,50,1
44,111,334,50,1
42,111,343,50,1
40,111,352,50,1
38,111,350,50,1
36,111,308,50,1
34,111,287,50,1
32,111,279,50,1
30,111,274,50,1
28,111,267,50,1
26,111,262,50,1
24,111,249,50,1
22,111,177,50,1
20,111,172,50,1
18,111,170,50,1
16,111,165,50,1
14,111,166,50,1
12,111,204,50,1
10,111,248,50,1
8,111,267,50,1
6,111,262,50,1
4,111,260,50,1
2,111,262,50,1
DET,20,165,42
0,111,261,50,1
2,111,258,50,1
4,111,260,50,1
6,111,261,50,1
8,111,258,50,1
10,111,260,50,1
12,111,267,50,1
14,111,242,50,1
16,111,167,50,1
18,111,165,50,1
20,111,166,50,1
22,111,169,50,1
24,111,173,50,1
26,111,182,50,1
28,111,258,50,1
30,111,262,50,1
32,111,269,50,1
34,111,275,50,1
36,111,283,50,1
38,111,290,50,1
40,111,336,50,1
42,111,340,50,1
44,111,347,50,1
46,111,335,50,1
48,111,324,50,1
50,111,315,50,1
52,111,305,50,1
54,111,298,50,1
56,111,289,50,1
58,111,285,50,1
60,111,278,50,1
62,111,272,50,1
64,111,267,50,1
66,111,262,50,1
68,111,255,50,1
70,111,250,50,1
72,111,247,50,1
74,111,244,50,1
76,111,239,50,1
78,111,237,50,1
80,111,233,50,1
82,111,234,50,1
84,111,234,50,1
86,111,233,50,1
88,111,232,50,1
90,111,231,50,1
92,111,230,50,1
94,111,230,50,1
96,111,230,50,1
98,111,230,50,1
100,111,231,50,1
102,111,232,50,1
104,111,232,50,1
106,111,233,50,1
108,111,235,50,1
110,111,237,50,1
112,111,238,50,1
114,111,240,50,1
116,111,244,50,1
118,111,247,50,1
120,111,251,50,1
122,111,249,50,1
124,111,192,50,1
126,111,190,50,1
128,111,216,50,1
130,111,214,50,1
132,111,198,50,1
134,111,198,50,1
136,111,197,50,1
138,111,183,50,1
140,111,42,50,1
142,111,44,50,1
144,111,47,50,1
146,111,49,50,1
148,111,53,50,1
150,111,56,50,1
152,111,60,50,1
154,111,63,50,1
156,111,67,50,1
158,111,71,50,1
160,111,73,50,1
162,111,77,49,1
164,111,117,50,1
DET,21,165,33
166,111,120,50,1
164,111,119,50,1
162,111,120,50,1
160,111,109,50,1
158,111,76,50,1
156,111,72,50,1
154,111,70,50,1
152,111,66,50,1
150,111,63,50,1
148,111,58,50,1
146,111,55,50,1
144,111,51,50,1
142,111,48,50,1
140,111,45,50,1
138,111,43,50,1
136,111,42,50,1
134,111,183,50,1
132,111,197,50,1
130,111,200,50,1
128,111,200,50,1
126,111,214,50,1
124,111,206,50,1
122,111,191,50,1
120,111,229,50,1
118,111,252,50,1
116,111,249,50,1
114,111,246,50,1
112,111,242,50,1
110,111,239,50,1
108,111,237,50,1
106,111,236,50,1
104,111,234,50,1
102,111,233,50,1
100,111,231,50,1
98,111,231,50,1
96,111,230,50,1
94,111,230,50,1
92,111,230,50,1
90,111,230,50,1
88,111,231,50,1
86,111,231,50,1
84,111,233,50,1
82,111,234,50,1
80,111,232,50,1
78,111,230,50,1
76,111,233,50,1
74,111,236,50,1
72,111,239,50,1
70,111,242,50,1
68,111,246,50,1
66,111,250,50,1
64,111,257,50,1
62,111,263,50,1
60,111,270,50,1
58,111,276,50,1
56,111,282,50,1
54,111,288,50,1
52,111,297,50,1
50,111,302,50,1
48,111,311,50,1
46,111,321,50,1
44,111,334,50,1
42,111,344,50,1
40,111,352,50,1
38,111,348,50,1
36,111,307,50,1
34,111,287,50,1
32,111,279,50,1
30,111,273,50,1
28,111,267,50,1
26,111,262,50,1
24,111,242,50,1
22,111,176,50,1
20,111,172,50,1
18,111,169,50,1
16,111,165,50,1
14,111,166,50,1
12,111,207,50,1
10,111,239,50,1
8,111,268,50,1
6,111,260,50,1
4,111,258,50,1
2,111,259,50,1
DET,21,165,25
0,111,258,50,1
2,111,258,50,1
4,111,259,50,1
6,111,260,50,1
8,111,255,50,1
10,111,259,50,1
12,111,267,50,1
14,111,239,50,1
16,111,167,50,1
18,111,165,50,1
20,111,166,50,1
22,111,168,50,1
24,111,174,50,1
26,111,185,50,1
28,111,258,50,1
30,111,262,50,1
32,111,269,50,1
34,111,275,50,1
36,111,283,50,1
38,111,290,50,1
40,111,338,50,1
42,111,343,50,1
44,111,345,50,1
46,111,336,50,1
48,111,328,50,1
50,111,314,50,1
52,111,307,50,1
54,111,299,50,1
56,111,290,50,1
58,111,284,50,1
60,111,278,50,1
62,111,271,50,1
64,111,266,50,1
66,111,262,50,1
68,111,255,50,1
70,111,250,50,1
72,111,246,50,1
74,111,244,50,1
76,111,239,50,1
78,111,237,50,1
80,111,233,50,1
82,111,232,50,1
84,111,234,50,1
86,111,234,50,1
88,111,232,50,1
90,111,231,50,1
92,111,230,50,1
94,111,230,50,1
96,111,230,50,1
98,111,230,50,1
100,111,231,50,1
102,111,232,50,1
104,111,233,50,1
106,111,233,50,1
108,111,235,50,1
110,111,237,50,1
112,111,239,50,1
114,111,240,50,1
116,111,243,50,1
118,111,247,50,1
120,111,251,50,1
122,111,248,50,1
124,111,192,50,1
126,111,192,50,1
128,111,219,50,1
130,111,213,50,1
132,111,198,50,1
134,111,200,50,1
136,111,190,50,1
138,111,181,50,1
140,111,42,50,1
142,111,43,50,1
144,111,47,50,1
146,111,49,50,1
148,111,53,50,1
150,111,56,50,1
152,111,60,50,1
154,111,63,50,1
156,111,65,50,1
158,111,70,50,1
160,111,74,50,1
162,111,78,50,1
164,111,113,50,1
DET,21,165,35
166,111,120,50,1
164,111,119,50,1
162,111,120,50,1
160,111,115,50,1
158,111,76,50,1
156,111,72,50,1
154,111,69,50,1
152,111,66,50,1
150,111,62,50,1
148,111,58,50,1
146,111,54,50,1
144,111,51,50,1
142,111,48,50,1
140,111,45,50,1
138,111,43,50,1
136,111,44,50,1
134,111,181,50,1
132,111,197,50,1
130,111,200,50,1
128,111,202,50,1
126,111,214,50,1
124,111,202,50,1
122,111,191,50,1
120,111,225,50,1
118,111,251,50,1
116,111,249,50,1
114,111,246,50,1
112,111,242,50,1
110,111,239,50,1
108,111,237,50,1
106,111,236,50,1
104,111,234,50,1
102,111,233,50,1
100,111,232,50,1
98,111,230,50,1
96,111,230,50,1
94,111,230,50,1
92,111,230,50,1
90,111,230,50,1
88,111,231,50,1
86,111,231,50,1
84,111,233,50,1
82,111,235,50,1
80,111,232,50,1
78,111,231,50,1
76,111,234,50,1
74,111,235,50,1
72,111,239,50,1
70,111,242,50,1
68,111,247,50,1
66,111,249,50,1
64,111,260,50,1
62,111,265,50,1
60,111,270,50,1
58,111,274,50,1
56,111,281,50,1
54,111,288,50,1
52,111,296,50,1
50,111,302,50,1
48,111,312,50,1
46,111,322,50,1
44,111,332,50,1
42,111,341,50,1
40,111,352,50,1
38,111,348,50,1
36,111,302,50,1
34,111,286,50,1
32,111,279,50,1
30,111,274,50,1
28,111,266,50,1
26,111,262,50,1
24,111,240,50,1
22,111,176,50,1
20,111,172,50,1
18,111,169,50,1
16,111,166,50,1
14,111,166,50,1
12,111,188,50,1
10,111,242,50,1
8,111,267,50,1
6,111,257,50,1
4,111,259,50,1
2,111,259,50,1
DET,20,166,33
0,111,258,50,1
2,111,256,50,1
4,111,258,50,1
6,111,259,50,1
8,111,254,50,1
10,111,259,50,1
12,111,267,50,1
14,111,246,50,1
16,111,169,50,1
18,111,166,50,1
20,111,166,50,1
22,111,169,50,1
24,111,174,50,1
26,111,187,50,1
28,111,258,50,1
30,111,263,50,1
32,111,269,50,1
34,111,276,50,1
36,111,284,50,1
38,111,290,50,1
40,111,340,50,1
42,111,345,50,1
44,111,348,50,1
46,111,338,50,1
48,111,325,50,1
50,111,316,50,1
52,111,306,50,1
54,111,298,50,1
56,111,290,50,1
58,111,286,50,1
60,111,277,50,1
62,111,272,50,1
64,111,266,50,1
66,111,263,50,1
68,111,255,50,1
70,111,251,50,1
72,111,247,50,1
74,111,244,50,1
76,111,240,50,1
78,111,238,50,1
80,111,234,50,1
82,111,232,50,1
84,111,234,50,1
86,111,233,50,1
88,111,231,50,1
90,111,231,50,1
92,111,230,50,1
94,111,231,50,1
96,111,230,50,1
98,111,230,50,1
100,111,231,50,1
102,111,232,50,1
104,111,232,50,1
106,111,233,50,1
108,111,235,50,1
110,111,236,50,1
112,111,238,50,1
114,111,240,50,1
116,111,244,50,1
118,111,247,50,1
120,111,252,50,1
122,111,249,50,1
124,111,192,50,1
126,111,191,50,1
128,111,216,50,1
130,111,212,50,1
132,111,198,50,1
134,111,199,50,1
136,111,193,50,1
138,111,179,50,1
140,111,42,50,1
142,111,44,50,1
144,111,47,50,1
146,111,49,50,1
148,111,53,50,1
150,111,56,50,1
152,111,60,50,1
154,111,63,50,1
156,111,67,50,1
158,111,71,50,1
160,111,74,49,1
162,111,77,49,1
164,111,104,50,1
DET,21,166,35
166,111,120,50,1
164,111,119,50,1
162,111,119,50,1
160,111,106,50,1
158,111,75,50,1
156,111,72,50,1
154,111,70,50,1
152,111,65,50,1
150,111,62,50,1
148,111,59,50,1
146,111,55,50,1
144,111,51,50,1
142,111,48,50,1
140,111,46,50,1
138,111,44,50,1
136,111,42,50,1
134,111,183,50,1
132,111,197,50,1
130,111,200,50,1
128,111,201,50,1
126,111,214,50,1
124,111,211,50,1
122,111,190,50,1
120,111,233,50,1
118,111,253,50,1
116,111,249,50,1
114,111,246,50,1
112,111,242,50,1
110,111,240,50,1
108,111,237,50,1
106,111,235,50,1
104,111,234,50,1
102,111,233,50,1
100,111,232,50,1
98,111,231,50,1
96,111,230,50,1
94,111,230,50,1
92,111,230,50,1
90,111,231,50,1
88,111,230,50,1
86,111,232,50,1
84,111,233,50,1
82,111,234,50,1
80,111,233,50,1
78,111,231,50,1
76,111,233,50,1
74,111,235,50,1
72,111,240,50,1
70,111,242,50,1
68,111,246,50,1
66,111,249,50,1
64,111,261,50,1
62,111,265,50,1
60,111,271,50,1
58,111,276,50,1
56,111,282,50,1
54,111,288,50,1
52,111,297,50,1
50,111,298,50,1
48,111,309,50,1
46,111,318,50,1
44,111,331,50,1
42,111,344,50,1
40,111,353,50,1
38,111,349,50,1
36,111,301,50,1
34,111,286,50,1
32,111,278,50,1
30,111,273,50,1
28,111,267,50,1
26,111,262,50,1
24,111,243,50,1
22,111,175,50,1
20,111,172,50,1
18,111,170,50,1
16,111,165,50,1
14,111,166,50,1
12,111,190,50,1
10,111,242,50,1
8,111,267,50,1
6,111,261,50,1
4,111,260,50,1
2,111,262,50,1
DET,20,165,35
0,111,259,50,1
2,111,259,50,1
4,111,260,50,1
6,111,261,50,1
8,111,255,50,1
10,111,261,50,1
12,111,267,50,1
14,111,243,50,1
16,111,168,50,1
18,111,165,50,1
20,111,166,50,1
22,111,169,50,1
24,111,174,50,1
26,111,193,50,1
28,111,259,50,1
30,111,263,50,1
32,111,269,50,1
34,111,276,50,1
36,111,285,50,1
38,111,294,50,1
40,111,336,50,1
42,111,341,50,1
44,111,348,50,1
46,111,338,50,1
48,111,324,50,1
50,111,315,50,1
52,111,305,50,1
54,111,298,50,1
56,111,289,50,1
58,111,285,50,1
60,111,276,50,1
62,111,272,50,1
64,111,265,50,1
66,111,262,50,1
68,111,254,50,1
70,111,250,50,1
72,111,247,50,1
74,111,244,50,1
76,111,240,50,1
78,111,237,50,1
80,111,232,50,1
82,111,233,50,1
84,111,235,50,1
86,111,233,50,1
88,111,233,50,1
90,111,231,50,1
92,111,230,50,1
94,111,230,50,1
96,111,230,50,1
98,111,230,50,1
100,111,231,50,1
102,111,231,50,1
104,111,232,50,1
106,111,233,50,1
108,111,235,50,1
110,111,237,50,1
112,111,239,50,1
114,111,240,50,1
116,111,244,50,1
118,111,247,50,1
120,111,251,50,1
122,111,249,50,1
124,111,191,50,1
126,111,191,50,1
128,111,219,50,1
130,111,213,50,1
132,111,198,50,1
134,111,200,50,1
136,111,194,50,1
138,111,176,50,1
140,111,42,50,1
142,111,43,50,1
144,111,47,50,1
146,111,49,50,1
148,111,53,50,1
150,111,57,50,1
152,111,60,50,1
154,111,63,50,1
156,111,67,50,1
158,111,72,50,1
160,111,73,50,1
162,111,76,50,1
164,111,109,50,1
DET,21,165,40
166,111,120,50,1
164,111,120,50,1
162,111,120,50,1
160,111,106,50,1
158,111,77,50,1
156,111,73,50,1
154,111,69,50,1
152,111,65,50,1
150,111,62,50,1
148,111,58,50,1
146,111,54,50,1
144,111,51,50,1
142,111,49,50,1
140,111,46,50,1
138,111,44,50,1
136,111,42,50,1
134,111,184,50,1
132,111,197,50,1
130,111,199,50,1
128,111,202,50,1
126,111,214,50,1
124,111,208,50,1
122,111,191,50,1
120,111,240,50,1
118,111,254,50,1
116,111,249,50,1
114,111,246,50,1
112,111,243,50,1
110,111,240,50,1
108,111,237,50,1
106,111,236,50,1
104,111,234,50,1
102,111,232,50,1
100,111,231,50,1
98,111,231,50,1
96,111,231,50,1
94,111,230,50,1
92,111,230,50,1
90,111,231,50,1
88,111,231,50,1
86,111,232,50,1
84,111,232,50,1
82,111,234,50,1
80,111,233,50,1
78,111,231,50,1
76,111,233,50,1
74,111,236,50,1
72,111,239,50,1
70,111,242,50,1
68,111,247,50,1
66,111,250,50,1
64,111,260,50,1
62,111,265,50,1
60,111,271,50,1
58,111,275,50,1
56,111,282,50,1
54,111,287,50,1
52,111,296,50,1
50,111,299,50,1
48,111,310,50,1
46,111,320,50,1
44,111,331,50,1
42,111,341,50,1
40,111,352,50,1
38,111,348,50,1
36,111,299,50,1
34,111,286,50,1
32,111,278,50,1
30,111,273,50,1
28,111,266,50,1
26,111,261,50,1
24,111,256,50,1
22,111,180,50,1
20,111,173,50,1
18,111,170,50,1
16,111,166,50,1
14,111,166,50,1
12,111,187,50,1
10,111,242,50,1
8,111,267,50,1
6,111,258,50,1
4,111,261,50,1
2,111,261,50,1
DET,20,166,32
0,111,259,50,1
2,111,257,50,1
4,111,261,50,1
6,111,261,50,1
8,111,258,50,1
10,111,260,50,1
12,111,268,50,1
14,111,243,50,1
16,111,167,50,1
18,111,165,50,1
20,111,166,50,1
22,111,169,50,1
24,111,175,50,1
26,111,194,50,1
28,111,259,50,1
30,111,263,50,1
32,111,269,50,1
34,111,276,50,1
36,111,282,50,1
38,111,288,50,1
40,111,334,50,1
42,111,339,50,1
44,111,347,50,1
46,111,338,50,1
48,111,324,50,1
50,111,315,50,1
52,111,304,50,1
54,111,297,50,1
56,111,289,50,1
58,111,285,50,1
60,111,276,50,1
62,111,271,50,1
64,111,265,50,1
66,111,263,50,1
68,111,256,50,1
70,111,250,50,1
72,111,247,50,1
74,111,244,50,1
76,111,240,50,1
78,111,238,50,1
80,111,233,50,1
82,111,232,50,1
84,111,235,50,1
86,111,233,50,1
88,111,232,50,1
90,111,231,50,1
92,111,230,50,1
94,111,230,50,1
96,111,230,50,1
98,111,230,50,1
100,111,231,50,1
102,111,231,50,1
104,111,232,50,1
106,111,233,50,1
108,111,235,50,1
110,111,236,50,1
112,111,239,50,1
114,111,240,50,1
116,111,243,50,1
118,111,248,50,1
120,111,251,50,1
122,111,248,50,1
124,111,192,50,1
126,111,190,50,1
128,111,214,50,1
130,111,214,50,1
132,111,197,50,1
134,111,200,50,1
136,111,195,50,1
138,111,179,50,1
140,111,42,50,1
142,111,44,50,1
144,111,47,50,1
146,111,49,50,1
148,111,53,50,1
150,111,56,50,1
152,111,60,50,1
154,111,63,50,1
156,111,68,50,1
158,111,71,50,1
160,111,73,50,1
162,111,77,50,1
164,111,105,50,1
DET,21,165,41
166,111,119,50,1
164,111,119,50,1
162,111,120,50,1
160,111,95,50,1
158,111,75,50,1
156,111,72,50,1
154,111,69,50,1
152,111,65,50,1
150,111,62,50,1
148,111,59,50,1
146,111,55,50,1
144,111,51,50,1
142,111,48,50,1
140,111,46,50,1
138,111,44,50,1
136,111,43,50,1
134,111,185,50,1
132,111,198,50,1
130,111,199,50,1
128,111,202,50,1
126,111,215,50,1
124,111,204,50,1
122,111,191,50,1
120,111,241,50,1
118,111,250,50,1
116,111,250,50,1
114,111,247,50,1
112,111,243,50,1
110,111,239,50,1
108,111,237,50,1
106,111,236,50,1
104,111,234,50,1
102,111,233,50,1
100,111,231,50,1
98,111,231,50,1
96,111,230,50,1
94,111,230,50,1
92,111,230,50,1
90,111,230,50,1
88,111,231,50,1
86,111,231,50,1
84,111,232,50,1
82,111,234,50,1
80,111,233,50,1
78,111,230,50,1
76,111,233,50,1
74,111,236,50,1
72,111,240,50,1
70,111,243,50,1
68,111,246,50,1
66,111,249,50,1
64,111,261,50,1
62,111,264,50,1
60,111,273,50,1
58,111,275,50,1
56,111,282,50,1
54,111,287,50,1
52,111,296,50,1
50,111,301,50,1
48,111,311,50,1
46,111,319,50,1
44,111,332,50,1
42,111,343,50,1
40,111,353,50,1
38,111,347,50,1
36,111,299,50,1
34,111,285,50,1
32,111,278,50,1
30,111,273,50,1
28,111,267,50,1
26,111,262,50,1
24,111,253,50,1
22,111,181,50,1
20,111,172,50,1
18,111,170,50,1
16,111,165,50,1
14,111,166,50,1
12,111,189,50,1
10,111,246,50,1
8,111,267,50,1
6,111,262,50,1
4,111,262,50,1
2,111,264,50,1
DET,20,165,33
0,111,261,50,1
2,111,260,50,1
4,111,262,50,1
6,111,263,50,1
8,111,258,50,1
10,111,263,50,1
12,111,268,50,1
14,111,238,50,1
16,111,167,50,1
18,111,165,50,1
20,111,166,50,1
22,111,170,50,1
24,111,174,50,1
26,111,215,50,1
28,111,259,50,1
30,111,264,50,1
32,111,268,50,1
34,111,275,50,1
36,111,284,50,1
38,111,290,50,1
40,111,339,50,1
42,111,346,50,1
44,111,345,50,1
46,111,338,50,1
48,111,324,50,1
50,111,315,50,1
52,111,305,50,1
54,111,297,50,1
56,111,288,50,1
58,111,283,50,1
60,111,276,50,1
62,111,272,50,1
64,111,266,50,1
66,111,263,50,1
68,111,254,50,1
70,111,249,50,1
72,111,245,50,1
74,111,243,50,1
76,111,239,50,1
78,111,236,50,1
80,111,232,50,1
82,111,233,50,1
84,111,234,50,1
86,111,233,50,1
88,111,232,50,1
90,111,231,50,1
92,111,230,50,1
94,111,230,50,1
96,111,230,50,1
98,111,230,50,1
100,111,231,50,1
102,111,231,50,1
104,111,233,50,1
106,111,233,50,1
108,111,235,50,1
110,111,237,50,1
112,111,239,50,1
114,111,241,50,1
116,111,244,50,1
118,111,248,50,1
120,111,252,50,1
122,111,249,50,1
124,111,193,50,1
126,111,190,50,1
128,111,216,50,1
130,111,213,50,1
132,111,198,50,1
134,111,200,50,1
136,111,192,50,1
138,111,169,50,1
140,111,42,50,1
142,111,45,50,1
144,111,48,50,1
146,111,50,50,1
148,111,53,50,1
150,111,56,50,1
152,111,60,50,1
154,111,63,50,1
156,111,67,50,1
158,111,71,50,1
160,111,74,50,1
162,111,77,50,1
164,111,103,50,1
DET,20,165,24
166,111,119,50,1
164,111,119,50,1
162,111,119,50,1
160,111,99,50,1
158,111,76,50,1
156,111,73,50,1
154,111,71,50,1
152,111,66,50,1
150,111,63,50,1
148,111,58,50,1
146,111,55,50,1
144,111,51,50,1
142,111,48,50,1
140,111,46,50,1
138,111,44,50,1
136,111,43,50,1
134,111,186,50,1
132,111,199,50,1
130,111,200,50,1
128,111,201,50,1
126,111,215,50,1
124,111,213,50,1
122,111,191,50,1
120,111,230,50,1
118,111,253,50,1
116,111,250,50,1
114,111,247,50,1
112,111,243,50,1
110,111,239,50,1
108,111,237,50,1
106,111,235,50,1
104,111,234,50,1
102,111,232,50,1
100,111,231,50,1
98,111,232,50,1
96,111,230,50,1
94,111,230,50,1
92,111,230,50,1
90,111,230,50,1
88,111,231,50,1
86,111,231,50,1
84,111,232,50,1
82,111,234,50,1
80,111,232,50,1
78,111,230,50,1
76,111,233,50,1
74,111,237,50,1
72,111,240,50,1
70,111,242,50,1
68,111,246,50,1
66,111,250,50,1
64,111,257,50,1
62,111,264,50,1
60,111,270,50,1
58,111,274,50,1
56,111,281,50,1
54,111,288,50,1
52,111,297,50,1
50,111,302,50,1
48,111,310,50,1
46,111,320,50,1
44,111,331,50,1
42,111,342,50,1
40,111,352,50,1
38,111,348,50,1
36,111,305,50,1
34,111,287,50,1
32,111,278,50,1
30,111,274,50,1
28,111,267,50,1
26,111,261,50,1
24,111,242,50,1
22,111,176,50,1
20,111,172,50,1
18,111,169,50,1
16,111,165,50,1
14,111,166,50,1
12,111,203,50,1
10,111,239,50,1
8,111,268,50,1
6,111,261,50,1
4,111,259,50,1
2,111,261,50,1
DET,20,165,42
0,111,260,50,1
2,111,257,50,1
4,111,260,50,1
6,111,262,50,1
8,111,256,50,1
10,111,262,50,1
12,111,267,50,1
14,111,240,50,1
16,111,166,50,1
18,111,164,50,1
20,111,165,50,1
22,111,167,50,1
24,111,173,50,1
26,111,184,50,1
28,111,258,50,1
30,111,263,50,1
32,111,269,50,1
34,111,276,50,1
36,111,283,50,1
38,111,290,50,1
40,111,339,50,1
42,111,342,50,1
44,111,346,50,1
46,111,335,50,1
48,111,321,50,1
50,111,315,50,1
52,111,306,50,1
54,111,298,50,1
56,111,289,50,1
58,111,285,50,1
60,111,277,50,1
62,111,272,50,1
64,111,266,50,1
66,111,262,50,1
68,111,254,50,1
70,111,250,50,1
72,111,246,50,1
74,111,244,50,1
76,111,240,50,1
78,111,237,50,1
80,111,234,50,1
82,111,233,50,1
84,111,235,50,1
86,111,234,50,1
88,111,232,50,1
90,111,231,50,1
92,111,231,50,1
94,111,230,50,1
96,111,230,50,1
98,111,231,50,1
100,111,231,50,1
102,111,231,50,1
104,111,232,50,1
106,111,234,50,1
108,111,235,50,1
110,111,236,50,1
112,111,238,50,1
114,111,240,50,1
116,111,243,50,1
118,111,247,50,1
120,111,252,50,1
122,111,249,50,1
124,111,192,50,1
126,111,190,50,1
128,111,218,50,1
130,111,212,50,1
132,111,197,50,1
134,111,200,50,1
136,111,192,50,1
138,111,147,50,1
140,111,42,50,1
142,111,44,50,1
144,111,47,50,1
146,111,49,50,1
148,111,53,50,1
150,111,56,50,1
152,111,60,50,1
154,111,63,50,1
156,111,68,50,1
158,111,72,50,1
160,111,74,50,1
162,111,77,50,1
164,111,119,50,1
DET,21,164,35
166,111,119,50,1
164,111,119,50,1
162,111,119,50,1
160,111,101,50,1
158,111,76,50,1
156,111,73,50,1
154,111,70,50,1
152,111,66,50,1
150,111,62,50,1
148,111,58,50,1
146,111,55,50,1
144,111,51,50,1
142,111,49,50,1
140,111,46,50,1
138,111,44,50,1
136,111,44,50,1
134,111,182,50,1
132,111,197,50,1
130,111,200,50,1
128,111,204,50,1
126,111,214,50,1
124,111,208,50,1
122,111,191,50,1
120,111,233,50,1
118,111,253,50,1
116,111,250,50,1
114,111,246,50,1
112,111,242,50,1
110,111,239,50,1
108,111,237,50,1
106,111,236,50,1
104,111,234,50,1
102,111,232,50,1
100,111,232,50,1
98,111,231,50,1
96,111,231,50,1
94,111,230,50,1
92,111,230,50,1
90,111,230,50,1
88,111,231,50,1
86,111,232,50,1
84,111,233,50,1
82,111,235,50,1
80,111,231,50,1
78,111,230,50,1
76,111,234,50,1
74,111,236,50,1
72,111,239,50,1
70,111,242,50,1
68,111,246,50,1
66,111,249,50,1
64,111,260,50,1
62,111,265,50,1
60,111,271,50,1
58,111,275,50,1
56,111,282,50,1
54,111,288,50,1
52,111,297,50,1
50,111,301,50,1
48,111,311,50,1
46,111,321,50,1
44,111,330,50,1
42,111,343,50,1
40,111,351,50,1
38,111,347,50,1
36,111,302,50,1
34,111,286,50,1
32,111,278,50,1
30,111,273,50,1
28,111,266,50,1
26,111,261,50,1
24,111,240,50,1
22,111,176,50,1
20,111,172,50,1
18,111,168,50,1
16,111,164,50,1
14,111,166,50,1
12,111,180,50,1
10,111,240,50,1
8,111,267,50,1
6,111,259,50,1
4,111,259,50,1
2,111,261,50,1
DET,20,164,31
0,111,259,50,1
2,111,257,50,1
4,111,259,50,1
6,111,261,50,1
8,111,256,50,1
10,111,261,50,1
12,111,267,50,1
14,111,237,50,1
16,111,167,50,1
18,111,165,50,1
20,111,165,50,1
22,111,168,50,1
24,111,174,50,1
26,111,190,50,1
28,111,259,50,1
30,111,263,50,1
32,111,269,50,1
34,111,276,50,1
36,111,284,50,1
38,111,291,50,1
40,111,338,50,1
42,111,344,50,1
44,111,346,50,1
46,111,339,50,1
48,111,326,50,1
50,111,315,50,1
52,111,306,50,1
54,111,298,50,1
56,111,290,50,1
58,111,285,50,1
60,111,277,50,1
62,111,272,50,1
64,111,265,50,1
66,111,262,50,1
68,111,254,50,1
70,111,251,50,1
72,111,247,50,1
74,111,244,50,1
76,111,241,50,1
78,111,238,50,1
80,111,233,50,1
82,111,233,50,1
84,111,235,50,1
86,111,234,50,1
88,111,232,50,1
90,111,231,50,1
92,111,231,50,1
94,111,230,50,1
96,111,230,50,1
98,111,230,50,1
100,111,231,50,1
102,111,231,50,1
104,111,232,50,1
106,111,233,50,1
108,111,235,50,1
110,111,236,50,1
112,111,239,50,1
114,111,241,50,1
116,111,244,50,1
118,111,246,50,1
120,111,251,50,1
122,111,249,50,1
124,111,192,50,1
126,111,192,50,1
128,111,219,50,1
130,111,210,50,1
132,111,198,50,1
134,111,200,50,1
136,111,195,50,1
138,111,179,50,1
140,111,42,50,1
142,111,44,50,1
144,111,47,50,1
146,111,50,50,1
148,111,53,50,1
150,111,57,50,1
152,111,59,50,1
154,111,63,50,1
156,111,67,50,1
158,111,70,50,1
160,111,74,50,1
162,111,79,50,1
164,111,116,50,1
DET,21,165,38
166,111,119,50,1
164,111,119,50,1
162,111,119,50,1
160,111,102,50,1
158,111,76,50,1
156,111,73,50,1
154,111,70,50,1
152,111,66,50,1
150,111,62,50,1
148,111,58,50,1
146,111,54,50,1
144,111,51,50,1
142,111,49,50,1
140,111,46,50,1
138,111,44,50,1
136,111,42,50,1
134,111,177,50,1
132,111,198,50,1
130,111,200,50,1
128,111,204,50,1
126,111,215,50,1
124,111,208,50,1
122,111,191,50,1
120,111,235,50,1
118,111,253,50,1
116,111,250,50,1
114,111,246,50,1
112,111,241,50,1
110,111,240,50,1
108,111,238,50,1
106,111,235,50,1
104,111,234,50,1
102,111,233,50,1
100,111,232,50,1
98,111,231,50,1
96,111,230,50,1
94,111,230,50,1
92,111,230,50,1
90,111,230,50,1
88,111,231,50,1
86,111,231,50,1
84,111,233,50,1
82,111,234,50,1
80,111,233,50,1
78,111,231,50,1
76,111,232,50,1
74,111,236,50,1
72,111,239,50,1
70,111,243,50,1
68,111,246,50,1
66,111,249,50,1
64,111,259,50,1
62,111,265,50,1
60,111,270,50,1
58,111,275,50,1
56,111,282,50,1
54,111,289,50,1
52,111,297,50,1
50,111,301,50,1
48,111,310,50,1
46,111,319,50,1
44,111,331,50,1
42,111,344,50,1
40,111,352,50,1
38,111,348,50,1
36,111,300,50,1
34,111,287,50,1
32,111,279,50,1
30,111,273,50,1
28,111,265,50,1
26,111,262,50,1
24,111,243,50,1
22,111,175,50,1
20,111,172,50,1
18,111,169,50,1
16,111,165,50,1
14,111,165,50,1
12,111,178,50,1
10,111,240,50,1
8,111,267,50,1
6,111,263,50,1
4,111,262,50,1
2,111,264,50,1
DET,20,165,30
0,111,262,50,1
2,111,257,50,1
4,111,262,50,1
6,111,264,50,1
8,111,258,50,1
10,111,262,50,1
12,111,268,50,1
14,111,246,50,1
16,111,167,50,1
18,111,165,50,1
20,111,165,50,1
22,111,168,50,1
24,111,174,50,1
26,111,194,50,1
28,111,258,50,1
30,111,263,50,1
32,111,269,50,1
34,111,276,50,1
36,111,285,50,1
38,111,293,50,1
40,111,335,50,1
42,111,342,50,1
44,111,347,50,1
46,111,338,50,1
48,111,325,50,1
50,111,315,50,1
52,111,305,50,1
54,111,298,50,1
56,111,289,50,1
58,111,285,50,1
60,111,276,50,1
62,111,271,50,1
64,111,265,50,1
66,111,261,50,1
68,111,254,50,1
70,111,251,50,1
72,111,247,50,1
74,111,244,50,1
76,111,240,50,1
78,111,238,50,1
80,111,232,50,1
82,111,233,50,1
84,111,234,50,1
86,111,233,50,1
88,111,232,50,1
90,111,231,50,1
92,111,230,50,1
94,111,230,50,1
96,111,230,50,1
98,111,230,50,1
100,111,231,50,1
102,111,231,50,1
104,111,232,50,1
106,111,233,50,1
108,111,234,50,1
110,111,236,50,1
112,111,239,50,1
114,111,240,50,1
116,111,244,50,1
118,111,247,50,1
120,111,252,50,1
122,111,247,50,1
124,111,191,50,1
126,111,192,50,1
128,111,215,50,1
130,111,214,50,1
132,111,198,50,1
134,111,200,50,1
136,111,193,50,1
138,111,181,50,1
140,111,43,50,1
142,111,45,50,1
144,111,48,50,1
146,111,49,50,1
148,111,52,50,1
150,111,57,50,1
152,111,61,50,1
154,111,64,49,1
156,111,68,50,1
158,111,71,50,1
160,111,73,49,1
162,111,77,49,1
164,111,108,50,1
DET,21,165,41
166,111,120,50,1
164,111,120,50,1
162,111,120,50,1
160,111,105,50,1
158,111,76,50,1
156,111,72,50,1
154,111,69,50,1
152,111,65,50,1
150,111,62,50,1
148,111,58,50,1
146,111,54,50,1
144,111,52,50,1
142,111,49,50,1
140,111,46,50,1
138,111,44,50,1
136,111,42,50,1
134,111,182,50,1
132,111,198,50,1
130,111,199,50,1
128,111,204,50,1
126,111,215,50,1
124,111,203,50,1
122,111,191,50,1
120,111,238,50,1
118,111,254,50,1
116,111,249,50,1
114,111,246,50,1
112,111,242,50,1
110,111,57,50,1
108,111,41,50,1
106,111,37,50,1
104,111,37,50,1
102,111,38,50,1
100,111,41,49,1
98,111,49,49,1
96,111,229,50,1
94,111,230,49,1
92,111,230,50,1
90,111,230,50,1
88,111,231,50,1
86,111,231,50,1
84,111,233,50,1
82,111,234,50,1
80,111,233,50,1
78,111,231,50,1
76,111,233,50,1
74,111,237,50,1
72,111,239,50,1
70,111,242,50,1
68,111,248,50,1
66,111,251,50,1
