0,111,0,0,0
2,111,255,47,1
4,111,259,47,1
6,111,261,47,1
8,111,259,47,1
10,111,258,47,1
12,111,267,47,1
14,111,262,47,1
16,111,234,47,1
18,111,300,47,1
20,111,264,47,1
22,111,291,47,1
24,111,251,47,1
26,111,253,47,1
28,111,257,47,1
30,111,261,47,1
32,111,267,47,1
34,111,273,47,1
36,111,281,47,1
38,111,286,47,1
40,111,330,47,1
42,111,346,47,1
44,111,348,47,1
46,111,340,47,1
48,111,325,47,1
50,111,316,47,1
52,111,306,47,1
54,111,302,47,1
56,111,291,47,1
58,111,287,47,1
60,111,279,47,1
62,111,274,47,1
64,111,267,47,1
66,111,264,47,1
68,111,257,47,1
70,111,249,47,1
72,111,247,47,1
74,111,246,47,1
76,111,244,47,1
78,111,242,47,1
80,111,239,47,1
82,111,238,47,1
84,111,235,47,1
86,111,234,47,1
88,111,232,47,1
90,111,231,47,1
92,111,230,47,1
94,111,230,47,1
96,111,230,47,1
98,111,230,47,1
100,111,231,47,1
102,111,230,47,1
104,111,232,47,1
106,111,232,47,1
108,111,234,47,1
110,111,235,47,1
112,111,238,47,1
114,111,239,47,1
116,111,242,47,1
118,111,246,47,1
120,111,251,47,1
122,111,251,47,1
124,111,195,47,1
126,111,188,47,1
128,111,75,47,1
130,111,70,47,1
132,111,73,47,1
134,111,74,47,1
136,111,77,47,1
138,111,78,47,1
140,111,80,47,1
142,111,82,47,1
144,111,84,47,1
146,111,85,47,1
148,111,88,47,1
150,111,89,47,1
152,111,89,47,1
154,111,102,47,1
156,111,130,47,1
158,111,127,47,1
160,111,125,47,1
162,111,123,47,1
164,111,107,47,1
166,111,120,47,1
164,111,120,47,1
162,111,120,47,1
160,111,110,47,1
158,111,123,47,1
156,111,126,47,1
154,111,128,47,1
152,111,131,47,1
150,111,100,47,1
148,111,89,47,1
146,111,89,47,1
144,111,87,47,1
142,111,85,47,1
140,111,84,47,1
138,111,82,47,1
136,111,80,47,1
134,111,78,47,1
132,111,76,47,1
130,111,74,47,1
128,111,71,47,1
126,111,69,47,1
124,111,113,47,1
122,111,190,47,1
120,111,239,47,1
118,111,253,47,1
116,111,248,47,1
114,111,245,47,1
112,111,242,47,1
110,111,239,47,1
108,111,237,47,1
106,111,235,47,1
104,111,234,47,1
102,111,233,47,1
100,111,231,47,1
98,111,230,47,1
96,111,230,47,1
94,111,230,47,1
92,111,230,47,1
90,111,230,47,1
88,111,231,47,1
86,111,231,47,1
84,111,232,47,1
82,111,234,47,1
80,111,235,47,1
78,111,237,47,1
76,111,238,47,1
74,111,238,47,1
72,111,239,47,1
70,111,242,47,1
68,111,244,47,1
66,111,251,47,1
64,111,261,47,1
62,111,266,47,1
60,111,272,47,1
58,111,278,47,1
56,111,283,47,1
54,111,290,47,1
52,111,298,47,1
50,111,302,47,1
48,111,313,47,1
46,111,322,47,1
44,111,334,47,1
42,111,344,47,1
40,111,349,47,1
38,111,344,47,1
36,111,292,47,1
34,111,284,47,1
32,111,276,47,1
30,111,271,47,1
28,111,266,47,1
26,111,262,47,1
24,111,257,47,1
22,111,253,47,1
20,111,250,47,1
18,111,291,47,1
16,111,276,47,1
14,111,252,47,1
12,111,233,47,1
10,111,258,47,1
8,111,265,47,1
6,111,258,47,1
4,111,261,47,1
2,111,261,47,1
0,111,259,47,1
2,111,257,47,1
4,111,260,47,1
6,111,261,47,1
8,111,259,47,1
10,111,258,47,1
12,111,268,47,1
14,111,257,47,1
16,111,234,47,1
18,111,296,47,1
20,111,262,47,1
22,111,286,47,1
24,111,251,47,1
26,111,254,47,1
28,111,257,47,1
30,111,261,47,1
32,111,267,47,1
34,111,274,47,1
36,111,281,47,1
38,111,287,47,1
40,111,331,47,1
42,111,345,47,1
44,111,349,47,1
46,111,338,47,1
48,111,325,47,1
50,111,317,47,1
52,111,307,47,1
54,111,299,47,1
56,111,291,47,1
58,111,286,47,1
60,111,279,47,1
62,111,274,47,1
64,111,267,47,1
66,111,264,47,1
68,111,256,47,1
70,111,248,47,1
72,111,244,47,1
74,111,243,47,1
76,111,243,47,1
78,111,241,47,1
80,111,239,47,1
82,111,237,47,1
84,111,235,47,1
86,111,234,47,1
88,111,232,47,1
90,111,231,47,1
92,111,230,47,1
94,111,230,47,1
96,111,230,47,1
98,111,230,47,1
100,111,230,47,1
102,111,231,47,1
104,111,232,47,1
106,111,233,47,1
108,111,234,47,1
110,111,236,47,1
112,111,238,47,1
114,111,240,47,1
116,111,242,47,1
118,111,245,47,1
120,111,251,47,1
122,111,252,47,1
124,111,193,47,1
126,111,187,47,1
128,111,69,47,1
130,111,69,47,1
132,111,72,47,1
134,111,74,47,1
136,111,76,47,1
138,111,78,47,1
140,111,80,47,1
142,111,82,47,1
144,111,83,47,1
146,111,86,47,1
148,111,88,47,1
150,111,89,47,1
152,111,89,47,1
154,111,99,47,1
156,111,131,47,1
158,111,127,47,1
160,111,125,47,1
162,111,123,47,1
164,111,107,47,1
166,111,120,47,1
164,111,120,47,1
162,111,120,47,1
160,111,108,47,1
158,111,123,47,1
156,111,126,47,1
154,111,128,47,1
152,111,131,47,1
150,111,99,47,1
148,111,89,47,1
146,111,89,47,1
144,111,88,47,1
142,111,86,47,1
140,111,83,47,1
138,111,82,47,1
136,111,79,47,1
134,111,77,47,1
132,111,75,47,1
130,111,74,47,1
128,111,71,47,1
126,111,69,47,1
124,111,124,47,1
122,111,190,47,1
120,111,239,47,1
118,111,254,47,1
116,111,249,47,1
114,111,245,47,1
112,111,242,47,1
110,111,239,47,1
108,111,237,47,1
106,111,236,47,1
104,111,234,47,1
102,111,233,47,1
100,111,231,47,1
98,111,231,47,1
96,111,230,47,1
94,111,230,47,1
92,111,230,47,1
90,111,230,47,1
88,111,231,47,1
86,111,232,47,1
84,111,233,47,1
82,111,234,47,1
80,111,235,47,1
78,111,235,47,1
76,111,237,47,1
74,111,237,47,1
72,111,239,47,1
70,111,241,47,1
68,111,245,47,1
66,111,250,47,1
64,111,262,47,1
62,111,267,47,1
60,111,272,47,1
58,111,277,47,1
56,111,284,47,1
54,111,289,47,1
52,111,297,47,1
50,111,301,47,1
48,111,313,47,1
46,111,322,47,1
44,111,333,47,1
42,111,343,47,1
40,111,349,47,1
38,111,343,47,1
36,111,294,47,1
34,111,284,47,1
32,111,276,47,1
30,111,271,47,1
28,111,264,47,1
26,111,261,47,1
24,111,256,47,1
22,111,253,47,1
20,111,250,47,1
18,111,289,47,1
16,111,273,47,1
14,111,252,47,1
12,111,232,47,1
10,111,259,47,1
8,111,266,47,1
6,111,257,47,1
4,111,261,47,1
2,111,261,47,1
0,111,259,47,1
2,111,257,47,1
4,111,259,47,1
6,111,261,47,1
8,111,257,47,1
10,111,259,47,1
12,111,267,47,1
14,111,257,47,1
16,111,234,47,1
18,111,298,47,1
20,111,262,47,1
22,111,283,47,1
24,111,251,47,1
26,111,254,47,1
28,111,259,47,1
30,111,261,47,1
32,111,267,47,1
34,111,273,47,1
36,111,281,47,1
38,111,288,47,1
40,111,330,47,1
42,111,343,47,1
44,111,349,47,1
46,111,339,47,1
48,111,327,47,1
50,111,316,47,1
52,111,306,47,1
54,111,299,47,1
56,111,291,47,1
58,111,287,47,1
60,111,280,47,1
62,111,273,47,1
64,111,267,47,1
66,111,264,47,1
68,111,256,47,1
70,111,249,47,1
72,111,245,47,1
74,111,244,47,1
76,111,243,47,1
78,111,241,47,1
80,111,239,47,1
82,111,237,47,1
84,111,235,47,1
86,111,233,47,1
88,111,232,47,1
90,111,231,47,1
92,111,231,47,1
94,111,230,47,1
96,111,230,47,1
98,111,230,47,1
100,111,230,47,1
102,111,231,47,1
104,111,232,47,1
106,111,233,47,1
108,111,235,47,1
110,111,236,47,1
112,111,238,47,1
114,111,239,47,1
116,111,243,47,1
118,111,246,47,1
120,111,251,47,1
122,111,252,47,1
124,111,194,47,1
126,111,186,47,1
128,111,70,47,1
130,111,69,47,1
132,111,72,47,1
134,111,74,47,1
136,111,76,47,1
138,111,77,47,1
140,111,79,47,1
142,111,81,47,1
144,111,84,47,1
146,111,86,47,1
148,111,88,47,1
150,111,89,47,1
152,111,89,47,1
154,111,99,47,1
156,111,131,47,1
158,111,128,47,1
160,111,125,47,1
162,111,123,47,1
164,111,114,47,1
166,111,120,47,1
164,111,120,47,1
162,111,120,47,1
160,111,101,47,1
158,111,123,47,1
156,111,126,47,1
154,111,128,47,1
152,111,131,47,1
150,111,104,47,1
148,111,89,47,1
146,111,88,47,1
144,111,87,47,1
142,111,85,47,1
140,111,83,47,1
138,111,81,47,1
136,111,79,47,1
134,111,77,47,1
132,111,76,47,1
130,111,74,47,1
128,111,71,47,1
126,111,69,47,1
124,111,109,47,1
122,111,190,47,1
120,111,242,47,1
118,111,253,47,1
116,111,248,47,1
114,111,245,47,1
112,111,242,47,1
110,111,239,47,1
108,111,236,47,1
106,111,235,47,1
104,111,233,47,1
102,111,233,47,1
100,111,231,47,1
98,111,230,47,1
96,111,230,47,1
94,111,229,47,1
92,111,230,47,1
90,111,230,47,1
88,111,230,47,1
86,111,232,47,1
84,111,233,47,1
82,111,234,47,1
80,111,236,47,1
78,111,236,47,1
76,111,237,47,1
74,111,238,47,1
72,111,240,47,1
70,111,242,47,1
68,111,245,47,1
66,111,252,47,1
64,111,262,47,1
62,111,265,47,1
60,111,272,47,1
58,111,276,47,1
56,111,285,47,1
54,111,290,47,1
52,111,297,47,1
50,111,301,47,1
48,111,312,47,1
46,111,322,47,1
44,111,335,47,1
42,111,345,47,1
40,111,349,47,1
38,111,343,47,1
36,111,293,47,1
34,111,285,47,1
32,111,277,47,1
30,111,271,47,1
28,111,264,47,1
26,111,260,47,1
24,111,256,47,1
22,111,253,47,1
20,111,250,47,1
18,111,289,47,1
16,111,271,47,1
14,111,259,47,1
12,111,232,47,1
10,111,257,47,1
8,111,266,47,1
6,111,259,47,1
4,111,261,47,1
2,111,260,47,1
0,111,259,47,1
2,111,257,47,1
4,111,259,47,1
6,111,261,47,1
8,111,260,47,1
10,111,257,47,1
12,111,267,47,1
14,111,259,47,1
16,111,234,47,1
18,111,295,47,1
20,111,261,47,1
22,111,282,47,1
24,111,251,47,1
26,111,254,47,1
28,111,259,47,1
30,111,262,47,1
32,111,266,47,1
34,111,273,47,1
36,111,282,47,1
38,111,287,47,1
40,111,330,47,1
42,111,343,47,1
44,111,351,47,1
46,111,340,47,1
48,111,326,47,1
50,111,316,47,1
52,111,307,47,1
54,111,299,47,1
56,111,291,47,1
58,111,285,47,1
60,111,279,47,1
62,111,274,47,1
64,111,267,47,1
66,111,264,47,1
68,111,256,47,1
70,111,247,47,1
72,111,244,47,1
74,111,243,47,1
76,111,243,47,1
78,111,241,47,1
80,111,238,47,1
82,111,237,47,1
84,111,235,47,1
86,111,233,47,1
88,111,232,47,1
90,111,231,47,1
92,111,230,47,1
94,111,231,47,1
96,111,230,47,1
98,111,230,47,1
100,111,231,47,1
102,111,231,47,1
104,111,232,47,1
106,111,233,47,1
108,111,234,47,1
110,111,236,47,1
112,111,238,47,1
114,111,239,47,1
116,111,242,47,1
118,111,245,47,1
120,111,250,47,1
122,111,251,47,1
124,111,202,47,1
126,111,188,47,1
128,111,109,47,1
130,111,69,47,1
132,111,73,47,1
134,111,74,47,1
136,111,76,47,1
138,111,78,47,1
140,111,80,47,1
142,111,81,47,1
144,111,84,47,1
146,111,85,47,1
148,111,88,47,1
150,111,89,47,1
152,111,89,47,1
154,111,101,47,1
156,111,131,47,1
158,111,128,47,1
160,111,125,47,1
162,111,123,47,1
164,111,113,47,1
166,111,118,47,1
164,111,120,47,1
162,111,120,47,1
160,111,107,47,1
158,111,123,47,1
156,111,126,47,1
154,111,128,47,1
152,111,131,47,1
150,111,97,47,1
148,111,89,47,1
146,111,89,47,1
144,111,87,47,1
142,111,86,47,1
140,111,83,47,1
138,111,82,47,1
136,111,79,47,1
134,111,77,47,1
132,111,76,47,1
130,111,75,47,1
128,111,71,47,1
126,111,69,47,1
124,111,102,47,1
122,111,189,47,1
120,111,238,47,1
118,111,253,47,1
116,111,249,47,1
114,111,246,47,1
112,111,242,47,1
110,111,239,47,1
108,111,236,47,1
106,111,235,47,1
104,111,234,47,1
102,111,232,47,1
100,111,231,47,1
98,111,230,47,1
96,111,230,47,1
94,111,230,47,1
92,111,230,47,1
90,111,230,47,1
88,111,231,47,1
86,111,231,47,1
84,111,233,47,1
82,111,235,47,1
80,111,236,47,1
78,111,237,47,1
76,111,237,47,1
74,111,238,47,1
72,111,239,47,1
70,111,242,47,1
68,111,244,47,1
66,111,251,47,1
64,111,262,47,1
62,111,266,47,1
60,111,272,47,1
58,111,277,47,1
56,111,283,47,1
54,111,290,47,1
52,111,299,47,1
50,111,301,47,1
48,111,311,47,1
46,111,321,47,1
44,111,333,47,1
42,111,343,47,1
40,111,348,47,1
38,111,344,47,1
36,111,294,47,1
34,111,284,47,1
32,111,277,47,1
30,111,272,47,1
28,111,265,47,1
26,111,260,47,1
24,111,255,47,1
22,111,252,47,1
20,111,249,47,1
18,111,286,47,1
16,111,270,47,1
14,111,259,47,1
12,111,232,47,1
10,111,254,47,1
8,111,266,47,1
6,111,258,47,1
4,111,261,47,1
2,111,262,47,1
0,111,261,47,1
2,111,256,47,1
4,111,261,47,1
6,111,261,47,1
8,111,260,47,1
10,111,258,47,1
12,111,267,47,1
14,111,261,47,1
16,111,233,47,1
18,111,274,47,1
20,111,260,47,1
22,111,267,47,1
24,111,251,47,1
26,111,254,47,1
28,111,259,47,1
30,111,261,47,1
32,111,269,47,1
34,111,274,47,1
36,111,281,47,1
38,111,287,47,1
40,111,324,47,1
42,111,336,47,1
44,111,347,47,1
46,111,341,47,1
48,111,327,47,1
50,111,318,47,1
52,111,308,47,1
54,111,299,47,1
56,111,291,47,1
58,111,286,47,1
60,111,278,47,1
62,111,274,47,1
64,111,268,47,1
66,111,264,47,1
68,111,258,47,1
70,111,254,47,1
72,111,251,47,1
74,111,248,47,1
76,111,245,47,1
78,111,242,47,1
80,111,239,47,1
82,111,237,47,1
84,111,235,47,1
86,111,234,47,1
88,111,233,47,1
90,111,232,47,1
92,111,230,47,1
94,111,230,47,1
96,111,230,47,1
98,111,230,47,1
100,111,230,47,1
102,111,231,47,1
104,111,232,47,1
106,111,233,47,1
108,111,235,47,1
110,111,236,47,1
112,111,238,47,1
114,111,239,47,1
116,111,244,47,1
118,111,247,47,1
120,111,250,47,1
122,111,253,47,1
124,111,199,47,1
126,111,187,47,1
128,111,69,47,1
130,111,69,47,1
132,111,73,47,1
134,111,75,47,1
136,111,77,47,1
138,111,79,47,1
140,111,81,47,1
142,111,82,47,1
144,111,84,47,1
146,111,86,47,1
148,111,88,47,1
150,111,89,47,1
152,111,89,47,1
154,111,100,47,1
156,111,131,47,1
158,111,128,47,1
160,111,125,47,1
162,111,123,47,1
164,111,112,47,1
166,111,120,47,1
164,111,120,47,1
162,111,120,47,1
160,111,114,47,1
158,111,123,47,1
156,111,126,47,1
154,111,128,47,1
152,111,130,47,1
150,111,112,47,1
148,111,89,47,1
146,111,90,47,1
144,111,87,47,1
142,111,85,47,1
140,111,84,47,1
138,111,82,47,1
136,111,80,47,1
134,111,78,47,1
132,111,76,47,1
130,111,74,47,1
128,111,71,47,1
126,111,69,47,1
124,111,98,47,1
122,111,191,47,1
120,111,237,47,1
118,111,254,47,1
116,111,249,47,1
114,111,246,47,1
112,111,242,47,1
110,111,239,47,1
108,111,236,47,1
106,111,235,47,1
104,111,233,47,1
102,111,232,47,1
100,111,231,47,1
98,111,231,47,1
96,111,230,47,1
94,111,230,47,1
92,111,230,47,1
90,111,231,47,1
88,111,231,47,1
86,111,231,47,1
84,111,233,47,1
82,111,234,47,1
80,111,236,47,1
78,111,236,47,1
76,111,238,47,1
74,111,237,47,1
72,111,239,47,1
70,111,241,47,1
68,111,245,47,1
66,111,252,47,1
64,111,262,47,1
62,111,266,47,1
60,111,272,47,1
58,111,277,47,1
56,111,283,47,1
54,111,290,47,1
52,111,298,47,1
50,111,304,47,1
48,111,310,47,1
46,111,321,47,1
44,111,334,47,1
42,111,344,47,1
40,111,347,47,1
38,111,342,47,1
36,111,293,47,1
34,111,285,47,1
32,111,277,47,1
30,111,271,47,1
28,111,265,47,1
26,111,260,47,1
24,111,255,47,1
22,111,252,47,1
20,111,249,47,1
18,111,279,47,1
16,111,266,47,1
14,111,255,47,1
12,111,232,47,1
10,111,254,47,1
8,111,266,47,1
6,111,259,47,1
4,111,261,47,1
2,111,261,47,1
0,111,260,47,1
2,111,257,47,1
4,111,260,47,1
6,111,261,47,1
8,111,259,47,1
10,111,258,47,1
12,111,267,47,1
14,111,260,47,1
16,111,234,47,1
18,111,288,47,1
20,111,260,47,1
22,111,278,47,1
24,111,251,47,1
26,111,254,47,1
28,111,259,47,1
30,111,262,47,1
32,111,268,47,1
34,111,275,47,1
36,111,280,47,1
38,111,287,47,1
40,111,325,47,1
42,111,339,47,1
44,111,349,47,1
46,111,341,47,1
48,111,328,47,1
50,111,316,47,1
52,111,306,47,1
54,111,298,47,1
56,111,291,47,1
58,111,286,47,1
60,111,279,47,1
62,111,273,47,1
64,111,267,47,1
66,111,265,47,1
68,111,258,47,1
70,111,249,47,1
72,111,247,47,1
74,111,246,47,1
76,111,244,47,1
78,111,242,47,1
80,111,239,47,1
82,111,237,47,1
84,111,235,47,1
86,111,234,47,1
88,111,232,47,1
90,111,231,47,1
92,111,230,47,1
94,111,230,47,1
96,111,229,47,1
98,111,230,47,1
100,111,231,47,1
102,111,231,47,1
104,111,232,47,1
106,111,233,47,1
108,111,235,47,1
110,111,236,47,1
112,111,238,47,1
114,111,240,47,1
116,111,243,47,1
118,111,246,47,1
120,111,250,47,1
122,111,252,47,1
124,111,195,47,1
126,111,187,47,1
128,111,72,47,1
130,111,69,47,1
132,111,72,47,1
134,111,75,47,1
136,111,76,47,1
138,111,78,47,1
140,111,80,47,1
142,111,82,47,1
144,111,84,47,1
146,111,86,47,1
148,111,88,47,1
150,111,89,47,1
152,111,89,47,1
154,111,101,47,1
156,111,130,47,1
158,111,127,47,1
160,111,125,47,1
162,111,123,47,1
164,111,108,47,1
166,111,120,47,1
164,111,120,47,1
162,111,120,47,1
160,111,117,47,1
158,111,123,47,1
156,111,125,47,1
154,111,128,47,1
152,111,130,47,1
150,111,106,47,1
148,111,89,47,1
146,111,89,47,1
144,111,87,47,1
142,111,85,47,1
140,111,83,47,1
138,111,82,47,1
136,111,79,47,1
134,111,78,47,1
132,111,75,47,1
130,111,74,47,1
128,111,71,47,1
126,111,69,47,1
124,111,111,47,1
122,111,190,47,1
120,111,236,47,1
118,111,253,47,1
116,111,250,47,1
114,111,245,47,1
112,111,242,47,1
110,111,239,47,1
108,111,236,47,1
106,111,235,47,1
104,111,233,47,1
102,111,232,47,1
100,111,231,47,1
98,111,231,47,1
96,111,230,47,1
94,111,230,47,1
92,111,230,47,1
90,111,230,47,1
88,111,231,47,1
86,111,232,47,1
84,111,233,47,1
82,111,234,47,1
80,111,236,47,1
78,111,236,47,1
76,111,237,47,1
74,111,239,47,1
72,111,240,47,1
70,111,242,47,1
68,111,244,47,1
66,111,252,47,1
64,111,261,47,1
62,111,265,47,1
60,111,273,47,1
58,111,276,47,1
56,111,284,47,1
54,111,291,47,1
52,111,299,47,1
50,111,304,47,1
48,111,314,47,1
46,111,324,47,1
44,111,335,47,1
42,111,344,47,1
40,111,349,47,1
38,111,342,47,1
36,111,293,47,1
34,111,285,47,1
32,111,278,47,1
30,111,271,47,1
28,111,265,48,1
26,111,261,47,1
24,111,254,47,1
22,111,252,47,1
20,111,257,47,1
18,111,279,47,1
16,111,268,47,1
14,111,259,47,1
12,111,232,47,1
10,111,252,47,1
8,111,266,47,1
6,111,257,47,1
4,111,260,47,1
2,111,261,47,1
0,111,259,47,1
2,111,256,47,1
4,111,259,47,1
6,111,261,47,1
8,111,257,47,1
10,111,260,47,1
12,111,267,47,1
14,111,263,47,1
16,111,233,47,1
18,111,262,47,1
20,111,260,47,1
22,111,266,47,1
24,111,251,47,1
26,111,253,47,1
28,111,257,47,1
30,111,261,47,1
32,111,268,47,1
34,111,274,47,1
36,111,282,47,1
38,111,289,47,1
40,111,323,47,1
42,111,336,47,1
44,111,348,47,1
46,111,342,47,1
48,111,327,47,1
50,111,319,47,1
52,111,308,47,1
54,111,301,47,1
56,111,292,47,1
58,111,286,47,1
60,111,278,47,1
62,111,271,47,1
64,111,267,47,1
66,111,263,47,1
68,111,259,47,1
70,111,253,47,1
72,111,250,47,1
74,111,248,47,1
76,111,245,47,1
78,111,243,47,1
80,111,239,47,1
82,111,238,47,1
84,111,235,47,1
86,111,233,47,1
88,111,232,47,1
90,111,231,47,1
92,111,231,47,1
94,111,230,47,1
96,111,230,47,1
98,111,230,47,1
100,111,231,47,1
102,111,231,47,1
104,111,232,47,1
106,111,233,47,1
108,111,234,47,1
110,111,236,47,1
112,111,238,47,1
114,111,239,47,1
116,111,243,47,1
118,111,246,47,1
120,111,251,47,1
122,111,249,47,1
124,111,210,47,1
126,111,188,47,1
128,111,70,47,1
130,111,70,47,1
132,111,73,47,1
134,111,75,47,1
136,111,76,47,1
138,111,77,47,1
140,111,81,47,1
142,111,83,47,1
144,111,84,47,1
146,111,86,47,1
148,111,89,47,1
150,111,90,47,1
152,111,89,47,1
154,111,99,47,1
156,111,131,47,1
158,111,128,47,1
160,111,125,47,1
162,111,123,47,1
164,111,114,47,1
166,111,120,47,1
164,111,119,47,1
162,111,120,47,1
160,111,115,47,1
158,111,123,47,1
156,111,126,47,1
154,111,128,47,1
152,111,130,47,1
150,111,109,47,1
148,111,89,47,1
146,111,90,47,1
144,111,88,47,1
142,111,86,47,1
140,111,84,47,1
138,111,82,47,1
136,111,80,47,1
134,111,77,47,1
132,111,76,47,1
130,111,74,47,1
128,111,71,47,1
126,111,69,47,1
124,111,92,47,1
122,111,190,47,1
120,111,231,47,1
118,111,254,47,1
116,111,249,47,1
114,111,246,47,1
112,111,242,47,1
110,111,239,47,1
108,111,236,47,1
106,111,235,47,1
104,111,233,47,1
102,111,232,47,1
100,111,231,47,1
98,111,230,47,1
96,111,230,47,1
94,111,230,47,1
92,111,230,47,1
90,111,230,47,1
88,111,231,47,1
86,111,231,47,1
84,111,234,47,1
82,111,234,47,1
80,111,237,47,1
78,111,237,47,1
76,111,238,47,1
74,111,239,47,1
72,111,241,47,1
70,111,242,47,1
68,111,245,47,1
66,111,251,47,1
64,111,260,47,1
62,111,266,48,1
60,111,272,47,1
58,111,277,47,1
56,111,284,48,1
54,111,289,48,1
52,111,298,47,1
50,111,303,47,1
48,111,314,47,1
46,111,324,47,1
44,111,336,47,1
42,111,346,47,1
40,111,347,47,1
38,111,340,47,1
36,111,297,48,1
34,111,286,47,1
32,111,278,47,1
30,111,272,47,1
28,111,266,47,1
26,111,260,47,1
24,111,256,47,1
22,111,252,47,1
20,111,254,47,1
18,111,274,47,1
16,111,278,47,1
14,111,243,47,1
12,111,232,47,1
10,111,254,47,1
8,111,266,47,1
6,111,257,47,1
4,111,260,47,1
2,111,260,47,1
0,111,259,47,1
2,111,257,47,1
4,111,258,47,1
6,111,260,47,1
8,111,256,47,1
10,111,259,47,1
12,111,268,47,1
14,111,247,48,1
16,111,234,47,1
18,111,282,48,1
20,111,262,48,1
22,111,274,47,1
24,111,250,48,1
26,111,253,47,1
28,111,258,47,1
30,111,262,47,1
32,111,268,47,1
34,111,274,47,1
36,111,282,47,1
38,111,288,47,1
40,111,336,47,1
42,111,340,47,1
44,111,348,47,1
46,111,341,47,1
48,111,327,47,1
50,111,317,47,1
52,111,308,47,1
54,111,300,47,1
56,111,292,47,1
58,111,286,47,1
60,111,277,47,1
62,111,273,47,1
64,111,266,47,1
66,111,264,47,1
68,111,257,47,1
70,111,248,47,1
72,111,247,47,1
74,111,245,47,1
76,111,245,47,1
78,111,242,47,1
80,111,240,47,1
82,111,237,47,1
84,111,235,47,1
86,111,234,47,1
88,111,232,47,1
90,111,231,47,1
92,111,231,47,1
94,111,231,47,1
96,111,230,47,1
98,111,228,47,1
100,111,75,47,1
102,111,69,47,1
104,111,63,47,1
106,111,56,47,1
108,111,46,47,1
110,111,41,47,1
112,111,39,47,1
114,111,41,47,1
116,111,241,47,1
118,111,245,47,1
120,111,251,47,1
122,111,253,47,1
124,111,209,47,1
126,111,188,47,1
128,111,71,47,1
130,111,69,47,1
132,111,72,47,1
134,111,73,47,1
136,111,75,47,1
138,111,77,47,1
140,111,79,47,1
142,111,81,47,1
144,111,83,47,1
146,111,85,47,1
148,111,88,47,1
150,111,89,47,1
152,111,89,47,1
154,111,100,47,1
156,111,131,47,1
158,111,128,47,1
160,111,126,47,1
162,111,124,47,1
164,111,106,47,1
DET,107,39,36
166,111,120,47,1
164,111,120,47,1
162,111,120,47,1
160,111,110,47,1
158,111,123,48,1
156,111,126,47,1
154,111,129,47,1
152,111,131,47,1
150,111,101,48,1
148,111,89,47,1
146,111,89,47,1
144,111,87,47,1
142,111,85,47,1
140,111,83,47,1
138,111,82,47,1
136,111,79,47,1
134,111,77,47,1
132,111,75,48,1
130,111,74,47,1
128,111,70,48,1
126,111,69,47,1
124,111,152,47,1
122,111,191,47,1
120,111,235,47,1
118,111,254,48,1
116,111,249,48,1
114,111,246,48,1
112,111,242,47,1
110,111,239,47,1
108,111,237,47,1
106,111,236,47,1
104,111,234,48,1
102,111,233,48,1
100,111,231,48,1
98,111,231,47,1
96,111,230,47,1
94,111,230,47,1
92,111,230,47,1
90,111,230,47,1
88,111,231,48,1
86,111,232,47,1
84,111,233,47,1
82,111,235,47,1
80,111,236,47,1
78,111,236,47,1
76,111,237,47,1
74,111,239,48,1
72,111,241,47,1
70,111,242,47,1
68,111,246,47,1
66,111,254,47,1
64,111,261,48,1
62,111,266,48,1
60,111,271,48,1
58,111,275,48,1
56,111,284,48,1
54,111,290,48,1
52,111,298,48,1
50,111,304,48,1
48,111,312,47,1
46,111,323,48,1
44,111,333,47,1
42,111,346,47,1
40,111,345,48,1
38,111,338,48,1
36,111,298,47,1
34,111,285,47,1
32,111,278,47,1
30,111,272,48,1
28,111,266,47,1
26,111,198,47,1
24,111,186,48,1
22,111,178,47,1
20,111,174,47,1
18,111,171,47,1
16,111,169,47,1
14,111,170,47,1
12,111,181,47,1
10,111,195,47,1
8,111,267,47,1
6,111,259,47,1
4,111,260,47,1
2,111,261,47,1
DET,21,169,54
0,111,259,48,1
2,111,257,47,1
4,111,260,48,1
6,111,261,47,1
8,111,258,47,1
10,111,259,47,1
12,111,268,47,1
14,111,213,47,1
16,111,165,47,1
18,111,165,47,1
20,111,167,47,1
22,111,168,47,1
24,111,174,48,1
26,111,177,48,1
28,111,213,47,1
30,111,260,47,1
32,111,268,47,1
34,111,274,47,1
36,111,281,47,1
38,111,288,47,1
40,111,333,48,1
42,111,336,47,1
44,111,347,47,1
46,111,341,47,1
48,111,329,48,1
50,111,320,47,1
52,111,309,48,1
54,111,301,47,1
56,111,292,48,1
58,111,286,48,1
60,111,279,47,1
62,111,274,47,1
64,111,267,48,1
66,111,264,47,1
68,111,258,47,1
70,111,254,48,1
72,111,250,48,1
74,111,248,47,1
76,111,244,48,1
78,111,243,48,1
80,111,239,48,1
82,111,238,48,1
84,111,235,48,1
86,111,234,48,1
88,111,232,48,1
90,111,231,48,1
92,111,230,48,1
94,111,231,48,1
96,111,230,48,1
98,111,230,48,1
100,111,231,48,1
102,111,231,47,1
104,111,232,47,1
106,111,233,48,1
108,111,234,48,1
110,111,236,48,1
112,111,238,48,1
114,111,240,48,1
116,111,243,47,1
118,111,246,47,1
120,111,251,48,1
122,111,250,48,1
124,111,193,47,1
126,111,184,48,1
128,111,69,47,1
130,111,70,48,1
132,111,73,48,1
134,111,74,47,1
136,111,76,48,1
138,111,78,48,1
140,111,80,48,1
142,111,82,47,1
144,111,84,47,1
146,111,86,48,1
148,111,88,48,1
150,111,90,48,1
152,111,89,48,1
154,111,95,48,1
156,111,132,47,1
158,111,128,48,1
160,111,125,48,1
162,111,124,47,1
164,111,120,48,1
DET,21,165,51
166,111,120,48,1
164,111,120,48,1
162,111,120,48,1
160,111,114,48,1
158,111,123,48,1
156,111,126,48,1
154,111,128,48,1
152,111,132,48,1
150,111,99,48,1
148,111,90,48,1
146,111,89,47,1
144,111,87,48,1
142,111,86,48,1
140,111,83,48,1
138,111,81,48,1
136,111,79,48,1
134,111,77,48,1
132,111,75,47,1
130,111,74,48,1
128,111,71,48,1
126,111,70,48,1
124,111,103,47,1
122,111,191,48,1
120,111,244,48,1
118,111,253,47,1
116,111,249,48,1
114,111,246,48,1
112,111,242,48,1
110,111,239,48,1
108,111,237,48,1
106,111,235,48,1
104,111,234,48,1
102,111,232,48,1
100,111,232,48,1
98,111,231,48,1
96,111,230,48,1
94,111,231,48,1
92,111,230,48,1
90,111,231,48,1
88,111,231,47,1
86,111,231,48,1
84,111,233,48,1
82,111,234,48,1
80,111,236,48,1
78,111,236,48,1
76,111,238,48,1
74,111,239,48,1
72,111,241,48,1
70,111,242,47,1
68,111,246,48,1
66,111,252,48,1
64,111,263,48,1
62,111,266,48,1
60,111,273,48,1
58,111,276,48,1
56,111,283,48,1
54,111,289,48,1
52,111,299,48,1
50,111,303,47,1
48,111,312,48,1
46,111,320,47,1
44,111,335,48,1
42,111,346,48,1
40,111,344,48,1
38,111,340,48,1
36,111,293,48,1
34,111,284,48,1
32,111,276,48,1
30,111,272,48,1
28,111,266,48,1
26,111,260,48,1
24,111,189,48,1
22,111,176,48,1
20,111,171,48,1
18,111,168,48,1
16,111,166,48,1
14,111,166,47,1
12,111,163,48,1
10,111,225,47,1
8,111,264,48,1
6,111,259,48,1
4,111,261,48,1
2,111,262,47,1
DET,20,163,61
0,111,261,48,1
2,111,257,47,1
4,111,261,48,1
6,111,262,48,1
8,111,259,48,1
10,111,259,48,1
12,111,267,48,1
14,111,195,48,1
16,111,165,48,1
18,111,165,48,1
20,111,166,48,1
22,111,168,48,1
24,111,174,48,1
26,111,178,48,1
28,111,211,48,1
30,111,261,48,1
32,111,267,48,1
34,111,273,48,1
36,111,282,48,1
38,111,287,48,1
40,111,331,48,1
42,111,339,48,1
44,111,347,48,1
46,111,340,48,1
48,111,325,48,1
50,111,317,48,1
52,111,305,48,1
54,111,299,48,1
56,111,291,48,1
58,111,287,48,1
60,111,278,48,1
62,111,273,48,1
64,111,268,48,1
66,111,262,48,1
68,111,256,48,1
70,111,249,48,1
72,111,246,48,1
74,111,245,48,1
76,111,244,48,1
78,111,242,48,1
80,111,239,48,1
82,111,238,48,1
84,111,235,48,1
86,111,234,48,1
88,111,233,48,1
90,111,231,48,1
92,111,231,48,1
94,111,230,48,1
96,111,230,48,1
98,111,230,48,1
100,111,230,48,1
102,111,231,48,1
104,111,233,48,1
106,111,233,48,1
108,111,234,48,1
110,111,235,48,1
112,111,238,48,1
114,111,240,48,1
116,111,243,48,1
118,111,246,48,1
120,111,251,48,1
122,111,252,48,1
124,111,195,48,1
126,111,184,48,1
128,111,69,48,1
130,111,70,48,1
132,111,72,48,1
134,111,75,48,1
136,111,76,48,1
138,111,77,48,1
140,111,79,48,1
142,111,82,48,1
144,111,84,48,1
146,111,86,48,1
148,111,88,48,1
150,111,89,48,1
152,111,89,48,1
154,111,104,48,1
156,111,130,48,1
158,111,128,48,1
160,111,125,48,1
162,111,123,48,1
164,111,110,48,1
DET,21,165,51
166,111,120,48,1
164,111,120,48,1
162,111,120,48,1
160,111,106,48,1
158,111,123,48,1
156,111,126,48,1
154,111,128,48,1
152,111,131,48,1
150,111,100,48,1
148,111,89,48,1
146,111,89,48,1
144,111,87,48,1
142,111,85,48,1
140,111,83,48,1
138,111,81,48,1
136,111,80,48,1
134,111,77,48,1
132,111,75,48,1
130,111,74,48,1
128,111,71,48,1
126,111,69,48,1
124,111,94,48,1
122,111,190,48,1
120,111,240,48,1
118,111,253,48,1
116,111,248,48,1
114,111,245,48,1
112,111,242,48,1
110,111,239,48,1
108,111,238,48,1
106,111,235,48,1
104,111,234,48,1
102,111,232,48,1
100,111,231,48,1
98,111,231,48,1
96,111,231,48,1
94,111,230,48,1
92,111,230,48,1
90,111,231,48,1
88,111,231,48,1
86,111,232,48,1
84,111,233,48,1
82,111,234,48,1
80,111,236,48,1
78,111,236,48,1
76,111,238,48,1
74,111,239,48,1
72,111,240,48,1
70,111,242,48,1
68,111,246,48,1
66,111,252,48,1
64,111,263,48,1
62,111,266,48,1
60,111,273,48,1
58,111,277,48,1
56,111,285,48,1
54,111,289,48,1
52,111,298,48,1
50,111,303,48,1
48,111,312,48,1
46,111,322,48,1
44,111,334,48,1
42,111,342,48,1
40,111,346,48,1
38,111,341,48,1
36,111,293,48,1
34,111,283,48,1
32,111,277,48,1
30,111,271,48,1
28,111,264,48,1
26,111,259,48,1
24,111,195,48,1
22,111,177,48,1
20,111,171,48,1
18,111,168,48,1
16,111,166,48,1
14,111,165,48,1
12,111,162,48,1
10,111,217,48,1
8,111,265,48,1
6,111,258,48,1
4,111,261,48,1
2,111,261,48,1
DET,20,162,54
0,111,260,48,1
2,111,257,48,1
4,111,261,48,1
6,111,262,48,1
8,111,259,48,1
10,111,260,48,1
12,111,267,48,1
14,111,210,48,1
16,111,163,48,1
18,111,165,48,1
20,111,166,48,1
22,111,168,48,1
24,111,175,48,1
26,111,182,48,1
28,111,244,48,1
30,111,262,48,1
32,111,267,48,1
34,111,274,48,1
36,111,281,48,1
38,111,287,48,1
40,111,331,48,1
42,111,339,48,1
44,111,348,48,1
46,111,341,48,1
48,111,325,48,1
50,111,317,48,1
52,111,307,48,1
54,111,299,48,1
56,111,290,48,1
58,111,287,48,1
60,111,279,48,1
62,111,274,48,1
64,111,267,48,1
66,111,264,48,1
68,111,257,48,1
70,111,249,48,1
72,111,246,48,1
74,111,246,48,1
76,111,244,48,1
78,111,242,48,1
80,111,239,48,1
82,111,237,48,1
84,111,235,48,1
86,111,234,48,1
88,111,233,48,1
90,111,231,48,1
92,111,231,48,1
94,111,230,48,1
96,111,230,48,1
98,111,230,48,1
100,111,231,48,1
102,111,231,48,1
104,111,232,48,1
106,111,233,48,1
108,111,234,48,1
110,111,236,48,1
112,111,239,48,1
114,111,240,48,1
116,111,243,48,1
118,111,246,48,1
120,111,252,48,1
122,111,251,48,1
124,111,198,48,1
126,111,186,48,1
128,111,70,48,1
130,111,70,48,1
132,111,73,48,1
134,111,74,48,1
136,111,76,48,1
138,111,78,48,1
140,111,80,48,1
142,111,81,48,1
144,111,83,48,1
146,111,85,48,1
148,111,88,48,1
150,111,89,48,1
152,111,89,48,1
154,111,101,48,1
156,111,131,48,1
158,111,128,48,1
160,111,125,48,1
162,111,123,48,1
164,111,109,48,1
DET,20,163,49
166,111,120,48,1
164,111,120,48,1
162,111,120,48,1
160,111,107,48,1
158,111,123,48,1
156,111,126,48,1
154,111,128,48,1
152,111,131,48,1
150,111,102,48,1
148,111,89,48,1
146,111,90,48,1
144,111,87,48,1
142,111,85,48,1
140,111,82,48,1
138,111,82,48,1
136,111,79,48,1
134,111,77,48,1
132,111,75,48,1
130,111,74,48,1
128,111,71,48,1
126,111,70,48,1
124,111,93,48,1
122,111,190,48,1
120,111,238,48,1
118,111,254,48,1
116,111,248,48,1
114,111,246,48,1
112,111,242,48,1
110,111,239,48,1
108,111,237,48,1
106,111,235,48,1
104,111,234,48,1
102,111,233,48,1
100,111,231,48,1
98,111,230,48,1
96,111,231,48,1
94,111,230,48,1
92,111,230,48,1
90,111,230,48,1
88,111,231,48,1
86,111,231,48,1
84,111,234,48,1
82,111,235,48,1
80,111,236,48,1
78,111,237,48,1
76,111,238,48,1
74,111,238,48,1
72,111,241,48,1
70,111,242,48,1
68,111,245,48,1
66,111,251,48,1
64,111,263,48,1
62,111,266,48,1
60,111,272,48,1
58,111,276,48,1
56,111,285,48,1
54,111,291,48,1
52,111,301,48,1
50,111,304,48,1
48,111,311,48,1
46,111,321,48,1
44,111,334,48,1
42,111,345,48,1
40,111,349,48,1
38,111,340,48,1
36,111,293,48,1
34,111,285,48,1
32,111,276,48,1
30,111,271,48,1
28,111,265,48,1
26,111,259,48,1
24,111,183,48,1
22,111,176,48,1
20,111,171,48,1
18,111,168,48,1
16,111,166,48,1
14,111,165,48,1
12,111,162,48,1
10,111,215,48,1
8,111,266,48,1
6,111,259,48,1
4,111,261,48,1
2,111,261,48,1
DET,20,162,57
0,111,260,48,1
2,111,257,48,1
4,111,261,48,1
6,111,262,48,1
8,111,260,48,1
10,111,259,48,1
12,111,266,48,1
14,111,221,48,1
16,111,163,48,1
18,111,165,48,1
20,111,166,48,1
22,111,168,48,1
24,111,174,48,1
26,111,180,48,1
28,111,245,48,1
30,111,262,48,1
32,111,269,48,1
34,111,275,48,1
36,111,282,48,1
38,111,288,48,1
40,111,327,48,1
42,111,339,48,1
44,111,349,48,1
46,111,342,48,1
48,111,326,48,1
50,111,318,48,1
52,111,307,48,1
54,111,299,48,1
56,111,291,48,1
58,111,285,48,1
60,111,278,48,1
62,111,272,48,1
64,111,268,48,1
66,111,264,48,1
68,111,258,48,1
70,111,249,48,1
72,111,247,48,1
74,111,245,48,1
76,111,244,48,1
78,111,242,48,1
80,111,239,48,1
82,111,238,48,1
84,111,235,48,1
86,111,234,48,1
88,111,232,48,1
90,111,231,48,1
92,111,230,48,1
94,111,230,48,1
96,111,230,48,1
98,111,230,48,1
100,111,231,48,1
102,111,231,48,1
104,111,232,48,1
106,111,233,48,1
108,111,234,48,1
110,111,236,48,1
112,111,238,48,1
114,111,240,48,1
116,111,243,48,1
118,111,247,48,1
120,111,250,48,1
122,111,253,48,1
124,111,197,48,1
126,111,188,48,1
128,111,93,48,1
130,111,70,48,1
132,111,73,48,1
134,111,74,48,1
136,111,76,48,1
138,111,77,48,1
140,111,80,48,1
142,111,82,48,1
144,111,84,48,1
146,111,86,48,1
148,111,88,48,1
150,111,89,48,1
152,111,89,48,1
154,111,101,48,1
156,111,130,48,1
158,111,128,48,1
160,111,125,48,1
162,111,123,48,1
164,111,108,48,1
DET,21,163,34
166,111,120,48,1
164,111,120,48,1
162,111,120,48,1
160,111,114,48,1
158,111,123,48,1
156,111,125,48,1
154,111,128,48,1
152,111,131,48,1
150,111,105,48,1
148,111,89,48,1
146,111,89,48,1
144,111,88,48,1
142,111,85,48,1
140,111,83,48,1
138,111,81,48,1
136,111,79,48,1
134,111,77,48,1
132,111,75,48,1
130,111,74,48,1
128,111,72,48,1
126,111,70,48,1
124,111,90,48,1
122,111,190,48,1
120,111,238,48,1
118,111,254,48,1
116,111,249,48,1
114,111,246,48,1
112,111,242,48,1
110,111,240,48,1
108,111,237,48,1
106,111,235,48,1
104,111,234,48,1
102,111,233,48,1
100,111,232,48,1
98,111,231,48,1
96,111,230,48,1
94,111,230,48,1
92,111,231,48,1
90,111,230,48,1
88,111,231,48,1
86,111,231,48,1
84,111,233,48,1
82,111,234,48,1
80,111,236,48,1
78,111,236,48,1
76,111,237,48,1
74,111,239,48,1
72,111,240,48,1
70,111,242,48,1
68,111,246,48,1
66,111,252,48,1
64,111,262,48,1
62,111,266,48,1
60,111,273,48,1
58,111,276,48,1
56,111,284,48,1
54,111,290,48,1
52,111,299,48,1
50,111,303,48,1
48,111,314,48,1
46,111,323,48,1
44,111,338,48,1
42,111,345,48,1
40,111,347,48,1
38,111,342,48,1
36,111,295,48,1
34,111,284,48,1
32,111,277,48,1
30,111,272,48,1
28,111,265,48,1
26,111,259,48,1
24,111,184,48,1
22,111,176,48,1
20,111,170,48,1
18,111,167,48,1
16,111,165,48,1
14,111,165,48,1
12,111,161,48,1
10,111,209,48,1
8,111,267,48,1
6,111,261,48,1
4,111,262,48,1
2,111,262,48,1
DET,20,161,53
0,111,260,48,1
2,111,258,48,1
4,111,261,48,1
6,111,263,48,1
8,111,259,48,1
10,111,262,48,1
12,111,267,48,1
14,111,245,48,1
16,111,159,48,1
18,111,164,48,1
20,111,166,48,1
22,111,167,48,1
24,111,173,48,1
26,111,182,48,1
28,111,233,48,1
30,111,261,48,1
32,111,268,48,1
34,111,274,48,1
36,111,283,48,1
38,111,288,48,1
40,111,338,48,1
42,111,338,48,1
44,111,350,48,1
46,111,341,48,1
48,111,327,48,1
50,111,318,48,1
52,111,308,48,1
54,111,300,48,1
56,111,291,48,1
58,111,287,48,1
60,111,278,48,1
62,111,274,48,1
64,111,267,48,1
66,111,263,48,1
68,111,256,48,1
70,111,249,48,1
72,111,246,48,1
74,111,245,48,1
76,111,244,48,1
78,111,242,48,1
80,111,239,48,1
82,111,237,48,1
84,111,235,48,1
86,111,233,48,1
88,111,232,48,1
90,111,231,48,1
92,111,230,48,1
94,111,230,48,1
96,111,230,48,1
98,111,230,48,1
100,111,231,48,1
102,111,231,48,1
104,111,232,48,1
106,111,233,48,1
108,111,234,48,1
110,111,236,48,1
112,111,238,48,1
114,111,240,48,1
116,111,243,48,1
118,111,247,48,1
120,111,251,48,1
122,111,249,48,1
124,111,192,48,1
126,111,187,48,1
128,111,73,48,1
130,111,70,48,1
132,111,73,48,1
134,111,74,48,1
136,111,75,48,1
138,111,77,48,1
140,111,79,48,1
142,111,82,48,1
144,111,84,48,1
146,111,86,48,1
148,111,88,48,1
150,111,89,48,1
152,111,89,48,1
154,111,95,48,1
156,111,131,48,1
158,111,127,48,1
160,111,125,48,1
162,111,123,48,1
164,111,118,48,1
DET,21,159,37
166,111,120,48,1
164,111,120,48,1
162,111,120,48,1
160,111,112,48,1
158,111,123,48,1
156,111,126,48,1
154,111,128,48,1
152,111,131,48,1
150,111,110,48,1
148,111,89,48,1
146,111,89,48,1
144,111,87,48,1
142,111,85,48,1
140,111,83,48,1
138,111,81,48,1
136,111,79,48,1
134,111,77,48,1
132,111,75,48,1
130,111,74,48,1
128,111,71,48,1
126,111,69,48,1
124,111,144,48,1
122,111,190,48,1
120,111,230,48,1
118,111,253,48,1
116,111,249,48,1
114,111,245,48,1
112,111,242,48,1
110,111,239,48,1
108,111,237,48,1
106,111,236,48,1
104,111,234,48,1
102,111,233,48,1
100,111,231,48,1
98,111,231,48,1
96,111,230,48,1
94,111,230,48,1
92,111,230,48,1
90,111,231,48,1
88,111,231,48,1
86,111,232,48,1
84,111,233,48,1
82,111,235,48,1
80,111,236,48,1
78,111,237,48,1
76,111,238,48,1
74,111,239,48,1
72,111,241,48,1
70,111,243,48,1
68,111,246,48,1
66,111,254,48,1
64,111,261,48,1
62,111,265,48,1
60,111,273,48,1
58,111,276,48,1
56,111,284,48,1
54,111,290,48,1
52,111,298,48,1
50,111,303,48,1
48,111,313,48,1
46,111,322,48,1
44,111,336,48,1
42,111,346,48,1
40,111,344,48,1
38,111,339,48,1
36,111,298,48,1
34,111,287,48,1
32,111,277,48,1
30,111,272,48,1
28,111,266,48,1
26,111,260,48,1
24,111,185,48,1
22,111,175,48,1
20,111,169,48,1
18,111,167,48,1
16,111,164,48,1
14,111,162,48,1
12,111,161,48,1
10,111,258,48,1
8,111,266,48,1
6,111,260,48,1
4,111,261,48,1
2,111,262,48,1
DET,21,161,43
0,111,262,48,1
2,111,257,48,1
4,111,260,48,1
6,111,262,48,1
8,111,258,48,1
10,111,260,48,1
12,111,267,48,1
14,111,215,48,1
16,111,160,48,1
18,111,164,48,1
20,111,165,48,1
22,111,166,48,1
24,111,173,48,1
26,111,177,48,1
28,111,228,48,1
30,111,261,48,1
32,111,268,48,1
34,111,273,48,1
36,111,283,48,1
38,111,288,48,1
40,111,336,48,1
42,111,340,48,1
44,111,347,48,1
46,111,339,48,1
48,111,329,48,1
50,111,319,48,1
52,111,309,48,1
54,111,300,48,1
56,111,290,48,1
58,111,286,48,1
60,111,278,48,1
62,111,272,48,1
64,111,267,48,1
66,111,262,48,1
68,111,256,48,1
70,111,249,48,1
72,111,247,48,1
74,111,246,48,1
76,111,244,48,1
78,111,242,48,1
80,111,239,48,1
82,111,237,48,1
84,111,235,48,1
86,111,234,48,1
88,111,232,48,1
90,111,231,48,1
92,111,231,48,1
94,111,230,48,1
96,111,230,48,1
98,111,230,48,1
100,111,231,48,1
102,111,231,48,1
104,111,232,48,1
106,111,233,48,1
108,111,234,48,1
110,111,235,48,1
112,111,238,48,1
114,111,239,48,1
116,111,243,48,1
118,111,247,48,1
120,111,251,48,1
122,111,250,48,1
124,111,192,48,1
126,111,188,48,1
128,111,69,48,1
130,111,70,48,1
132,111,72,48,1
134,111,74,48,1
136,111,76,48,1
138,111,77,48,1
140,111,80,48,1
142,111,82,48,1
144,111,84,48,1
146,111,86,48,1
148,111,87,48,1
150,111,89,48,1
152,111,89,48,1
154,111,104,48,1
156,111,130,48,1
158,111,127,48,1
160,111,125,48,1
162,111,123,48,1
164,111,117,48,1
DET,20,160,55
166,111,120,48,1
164,111,120,48,1
162,111,120,48,1
160,111,119,48,1
158,111,123,48,1
156,111,126,48,1
154,111,128,48,1
152,111,131,48,1
150,111,102,48,1
148,111,89,48,1
146,111,89,48,1
144,111,87,48,1
142,111,85,48,1
140,111,83,48,1
138,111,81,48,1
136,111,79,48,1
134,111,77,48,1
132,111,75,48,1
130,111,74,48,1
128,111,71,48,1
126,111,69,48,1
124,111,128,48,1
122,111,190,48,1
120,111,245,48,1
118,111,253,48,1
116,111,248,48,1
114,111,245,48,1
112,111,242,48,1
110,111,239,48,1
108,111,236,48,1
106,111,235,48,1
104,111,234,48,1
102,111,233,48,1
100,111,231,48,1
98,111,231,48,1
96,111,230,48,1
94,111,230,48,1
92,111,230,48,1
90,111,230,48,1
88,111,231,48,1
86,111,231,48,1
84,111,233,48,1
82,111,234,48,1
80,111,235,48,1
78,111,237,48,1
76,111,238,48,1
74,111,239,48,1
72,111,241,48,1
70,111,242,48,1
68,111,245,48,1
66,111,252,48,1
64,111,263,48,1
62,111,267,48,1
60,111,273,48,1
58,111,276,48,1
56,111,283,48,1
54,111,289,48,1
52,111,297,48,1
50,111,303,48,1
48,111,313,48,1
46,111,322,48,1
44,111,336,48,1
42,111,344,48,1
40,111,343,48,1
38,111,340,48,1
36,111,292,48,1
34,111,284,48,1
32,111,276,48,1
30,111,273,48,1
28,111,266,48,1
26,111,261,48,1
24,111,185,48,1
22,111,176,48,1
20,111,170,48,1
18,111,167,48,1
16,111,164,48,1
14,111,161,48,1
12,111,162,48,1
10,111,257,48,1
8,111,266,48,1
6,111,259,48,1
4,111,262,48,1
2,111,262,48,1
DET,21,161,42
0,111,260,48,1
2,111,256,48,1
4,111,261,48,1
6,111,263,48,1
8,111,259,48,1
10,111,261,48,1
12,111,268,48,1
14,111,238,48,1
16,111,159,48,1
18,111,164,48,1
20,111,165,48,1
22,111,166,48,1
24,111,174,48,1
26,111,177,48,1
28,111,215,48,1
30,111,260,48,1
32,111,267,48,1
34,111,273,48,1
36,111,281,48,1
38,111,289,48,1
40,111,334,48,1
42,111,339,48,1
44,111,347,48,1
46,111,340,48,1
48,111,324,48,1
50,111,316,48,1
52,111,305,48,1
54,111,302,48,1
56,111,292,48,1
58,111,287,48,1
60,111,279,48,1
62,111,274,48,1
64,111,267,48,1
66,111,263,48,1
68,111,256,48,1
70,111,249,48,1
72,111,247,48,1
74,111,244,48,1
76,111,244,48,1
78,111,242,48,1
80,111,239,48,1
82,111,238,48,1
84,111,235,48,1
86,111,234,48,1
88,111,233,48,1
90,111,231,48,1
92,111,230,48,1
94,111,230,48,1
96,111,230,48,1
98,111,230,48,1
100,111,231,48,1
102,111,231,48,1
104,111,232,48,1
106,111,233,48,1
108,111,235,48,1
110,111,236,48,1
112,111,237,48,1
114,111,239,48,1
116,111,243,48,1
118,111,246,48,1
120,111,251,48,1
122,111,253,48,1
124,111,194,48,1
126,111,186,48,1
128,111,70,48,1
130,111,70,48,1
132,111,72,48,1
134,111,75,48,1
136,111,76,48,1
138,111,78,48,1
140,111,80,48,1
142,111,81,48,1
144,111,84,48,1
146,111,85,48,1
148,111,87,48,1
150,111,89,48,1
152,111,89,48,1
154,111,110,48,1
156,111,130,48,1
158,111,127,48,1
160,111,125,48,1
162,111,123,48,1
164,111,119,48,1
DET,22,159,68
166,111,120,48,1
164,111,120,48,1
162,111,120,48,1
160,111,107,48,1
158,111,123,48,1
156,111,126,48,1
154,111,128,48,1
152,111,131,48,1
150,111,100,48,1
148,111,89,48,1
146,111,89,48,1
144,111,87,48,1
142,111,85,48,1
140,111,83,48,1
138,111,81,48,1
136,111,80,48,1
134,111,78,48,1
132,111,75,48,1
130,111,74,48,1
128,111,71,48,1
126,111,69,48,1
124,111,140,48,1
122,111,191,48,1
120,111,241,48,1
118,111,253,48,1
116,111,249,48,1
114,111,245,48,1
112,111,241,48,1
110,111,238,48,1
108,111,237,48,1
106,111,235,48,1
104,111,234,48,1
102,111,233,48,1
100,111,232,48,1
98,111,231,48,1
96,111,230,48,1
94,111,230,48,1
92,111,230,48,1
90,111,231,48,1
88,111,231,48,1
86,111,231,48,1
84,111,233,48,1
82,111,234,48,1
80,111,236,48,1
78,111,236,48,1
76,111,237,48,1
74,111,238,48,1
72,111,240,48,1
70,111,242,48,1
68,111,245,48,1
66,111,253,48,1
64,111,262,48,1
62,111,266,48,1
60,111,273,48,1
58,111,277,48,1
56,111,285,48,1
54,111,292,48,1
52,111,298,48,1
50,111,302,48,1
48,111,312,48,1
46,111,320,48,1
44,111,333,48,1
42,111,346,48,1
40,111,347,48,1
38,111,339,48,1
36,111,292,48,1
34,111,285,48,1
32,111,276,48,1
30,111,271,48,1
28,111,264,48,1
26,111,260,48,1
24,111,188,48,1
22,111,175,48,1
20,111,170,48,1
18,111,166,48,1
16,111,164,48,1
14,111,162,48,1
12,111,160,48,1
10,111,251,48,1
8,111,266,48,1
6,111,258,48,1
4,111,261,48,1
2,111,261,48,1
DET,21,160,45
0,111,260,48,1
2,111,257,48,1
4,111,261,48,1
6,111,261,48,1
8,111,259,48,1
10,111,259,48,1
12,111,267,48,1
14,111,247,48,1
16,111,158,48,1
18,111,163,48,1
20,111,165,48,1
22,111,166,48,1
24,111,174,48,1
26,111,178,48,1
28,111,246,48,1
30,111,261,48,1
32,111,268,48,1
34,111,273,48,1
36,111,282,48,1
38,111,288,48,1
40,111,330,48,1
42,111,339,48,1
44,111,349,48,1
46,111,340,48,1
48,111,326,48,1
50,111,317,48,1
52,111,307,48,1
54,111,299,48,1
56,111,290,48,1
58,111,285,48,1
60,111,276,48,1
62,111,274,48,1
64,111,267,48,1
66,111,264,48,1
68,111,256,48,1
70,111,248,48,1
72,111,247,48,1
74,111,246,48,1
76,111,244,48,1
78,111,242,48,1
80,111,239,48,1
82,111,237,48,1
84,111,235,48,1
86,111,233,48,1
88,111,232,48,1
90,111,232,48,1
92,111,230,48,1
94,111,230,48,1
96,111,230,48,1
98,111,230,48,1
100,111,231,48,1
102,111,231,48,1
104,111,232,48,1
106,111,232,48,1
108,111,234,48,1
110,111,236,48,1
112,111,238,48,1
114,111,240,48,1
116,111,243,48,1
118,111,246,48,1
120,111,250,48,1
122,111,253,48,1
124,111,197,48,1
126,111,185,48,1
128,111,70,48,1
130,111,70,48,1
132,111,72,48,1
134,111,74,48,1
136,111,75,48,1
138,111,78,48,1
140,111,79,48,1
142,111,81,48,1
144,111,84,48,1
146,111,85,48,1
148,111,88,48,1
150,111,89,48,1
152,111,89,48,1
154,111,104,48,1
156,111,131,48,1
158,111,129,48,1
160,111,126,48,1
162,111,124,48,1
164,111,109,48,1
DET,21,158,35
166,111,120,48,1
164,111,120,48,1
162,111,120,48,1
160,111,109,48,1
158,111,123,48,1
156,111,125,48,1
154,111,128,48,1
152,111,131,48,1
150,111,103,48,1
148,111,89,48,1
146,111,89,48,1
144,111,87,48,1
142,111,85,48,1
140,111,83,48,1
138,111,82,48,1
136,111,80,48,1
134,111,76,48,1
132,111,75,48,1
130,111,74,48,1
128,111,71,48,1
126,111,69,48,1
124,111,133,48,1
122,111,190,48,1
120,111,235,48,1
118,111,253,48,1
116,111,249,48,1
114,111,245,48,1
112,111,242,48,1
110,111,239,48,1
108,111,237,48,1
106,111,235,48,1
104,111,234,48,1
102,111,232,48,1
100,111,231,48,1
98,111,231,48,1
96,111,231,48,1
94,111,230,48,1
92,111,230,48,1
90,111,230,48,1
88,111,231,48,1
86,111,232,48,1
84,111,233,48,1
82,111,234,48,1
80,111,236,48,1
78,111,236,48,1
76,111,237,48,1
74,111,238,48,1
72,111,239,48,1
70,111,241,48,1
68,111,245,48,1
66,111,252,48,1
64,111,261,48,1
62,111,266,48,1
60,111,272,48,1
58,111,276,48,1
56,111,284,48,1
54,111,290,48,1
52,111,299,48,1
50,111,302,48,1
48,111,314,48,1
46,111,324,48,1
44,111,333,48,1
42,111,344,48,1
40,111,347,48,1
38,111,340,48,1
36,111,295,48,1
34,111,284,48,1
32,111,277,48,1
30,111,271,48,1
28,111,266,48,1
26,111,260,48,1
24,111,180,48,1
22,111,174,48,1
20,111,169,48,1
18,111,166,48,1
16,111,164,48,1
14,111,162,48,1
12,111,160,48,1
10,111,234,48,1
8,111,266,48,1
6,111,257,48,1
4,111,261,48,1
2,111,261,48,1
DET,21,160,40
0,111,260,48,1
2,111,257,48,1
4,111,260,48,1
6,111,261,48,1
8,111,258,48,1
10,111,261,48,1
12,111,267,48,1
14,111,237,48,1
16,111,158,48,1
18,111,163,48,1
20,111,165,48,1
22,111,166,48,1
24,111,173,48,1
26,111,177,48,1
28,111,246,48,1
30,111,261,48,1
32,111,269,48,1
34,111,274,48,1
36,111,283,48,1
38,111,288,48,1
40,111,337,48,1
42,111,340,48,1
44,111,349,48,1
46,111,341,48,1
48,111,326,48,1
50,111,319,48,1
52,111,308,48,1
54,111,301,48,1
56,111,290,48,1
58,111,284,48,1
60,111,277,48,1
62,111,273,48,1
64,111,267,48,1
66,111,263,48,1
68,111,254,48,1
70,111,248,48,1
72,111,246,48,1
74,111,245,48,1
76,111,244,48,1
78,111,242,48,1
80,111,239,48,1
82,111,237,48,1
84,111,235,48,1
86,111,233,48,1
88,111,233,48,1
90,111,231,48,1
92,111,231,48,1
94,111,230,48,1
96,111,230,48,1
98,111,230,48,1
100,111,230,48,1
102,111,231,48,1
104,111,232,48,1
106,111,232,48,1
108,111,235,48,1
110,111,236,48,1
112,111,238,48,1
114,111,240,48,1
116,111,243,48,1
118,111,247,48,1
120,111,251,48,1
122,111,248,48,1
124,111,192,48,1
126,111,189,48,1
128,111,83,48,1
130,111,69,48,1
132,111,72,48,1
134,111,74,48,1
136,111,75,48,1
138,111,78,48,1
140,111,80,48,1
142,111,81,48,1
144,111,84,48,1
146,111,86,48,1
148,111,88,48,1
150,111,90,48,1
152,111,89,48,1
154,111,94,48,1
156,111,130,48,1
158,111,128,48,1
160,111,125,48,1
162,111,124,48,1
164,111,109,48,1
DET,21,158,34
166,111,120,48,1
164,111,120,48,1
162,111,120,48,1
160,111,114,48,1
158,111,123,48,1
156,111,126,48,1
154,111,128,48,1
152,111,131,48,1
150,111,108,48,1
148,111,89,48,1
146,111,89,48,1
144,111,88,48,1
142,111,86,48,1
140,111,83,48,1
138,111,82,48,1
136,111,79,48,1
134,111,76,48,1
132,111,75,48,1
130,111,74,48,1
128,111,71,48,1
126,111,69,48,1
124,111,139,48,1
122,111,191,48,1
120,111,235,48,1
118,111,254,48,1
116,111,249,48,1
114,111,246,48,1
112,111,241,48,1
110,111,239,48,1
108,111,236,48,1
106,111,235,48,1
104,111,233,48,1
102,111,232,48,1
100,111,231,48,1
98,111,230,48,1
96,111,230,48,1
94,111,230,48,1
92,111,230,48,1
90,111,231,48,1
88,111,231,48,1
86,111,231,48,1
84,111,233,48,1
82,111,234,48,1
80,111,236,48,1
78,111,236,48,1
76,111,237,48,1
74,111,238,48,1
72,111,240,48,1
70,111,241,48,1
68,111,245,48,1
66,111,252,48,1
64,111,260,48,1
62,111,265,48,1
60,111,273,48,1
58,111,276,48,1
56,111,283,48,1
54,111,289,48,1
52,111,299,48,1
50,111,303,48,1
48,111,312,48,1
46,111,323,48,1
44,111,335,48,1
42,111,348,48,1
40,111,346,48,1
38,111,339,48,1
36,111,298,48,1
34,111,286,48,1
32,111,277,48,1
30,111,272,48,1
28,111,266,48,1
26,111,261,48,1
24,111,183,48,1
22,111,175,48,1
20,111,170,48,1
18,111,166,48,1
16,111,164,48,1
14,111,161,48,1
12,111,163,48,1
10,111,256,48,1
8,111,267,48,1
6,111,260,48,1
4,111,261,48,1
2,111,262,48,1
DET,21,161,41
0,111,261,48,1
2,111,257,48,1
4,111,261,48,1
6,111,263,48,1
8,111,259,48,1
10,111,260,48,1
12,111,267,48,1
14,111,224,48,1
16,111,159,48,1
18,111,163,48,1
20,111,165,48,1
22,111,166,48,1
24,111,173,48,1
26,111,177,48,1
28,111,234,48,1
30,111,261,48,1
32,111,268,48,1
34,111,274,48,1
36,111,282,48,1
38,111,288,48,1
40,111,335,48,1
42,111,342,48,1
44,111,347,48,1
46,111,338,48,1
48,111,325,48,1
50,111,319,48,1
52,111,307,48,1
54,111,299,48,1
56,111,291,48,1
58,111,286,48,1
60,111,278,48,1
62,111,272,48,1
64,111,267,48,1
66,111,263,48,1
68,111,255,48,1
70,111,248,48,1
72,111,245,48,1
74,111,245,48,1
76,111,243,48,1
78,111,242,48,1
80,111,240,48,1
82,111,237,48,1
84,111,235,48,1
86,111,234,48,1
88,111,232,48,1
90,111,232,48,1
92,111,231,48,1
94,111,230,48,1
96,111,230,48,1
98,111,230,48,1
100,111,230,48,1
102,111,231,48,1
104,111,232,48,1
106,111,233,48,1
108,111,234,48,1
110,111,235,48,1
112,111,238,48,1
114,111,239,48,1
116,111,243,48,1
118,111,246,48,1
120,111,250,48,1
122,111,250,48,1
124,111,193,48,1
126,111,184,48,1
128,111,69,48,1
130,111,70,48,1
132,111,73,48,1
134,111,74,48,1
136,111,75,48,1
138,111,77,48,1
140,111,80,48,1
142,111,81,48,1
144,111,84,48,1
146,111,85,48,1
148,111,87,48,1
150,111,89,48,1
152,111,89,48,1
154,111,109,48,1
156,111,130,48,1
158,111,127,48,1
160,111,124,48,1
162,111,122,48,1
164,111,109,48,1
DET,21,159,34
166,111,120,48,1
164,111,120,48,1
162,111,120,48,1
160,111,109,48,1
158,111,123,48,1
156,111,126,48,1
154,111,128,48,1
152,111,131,48,1
150,111,99,48,1
148,111,89,48,1
146,111,89,48,1
144,111,88,48,1
142,111,85,48,1
140,111,83,48,1
138,111,82,48,1
136,111,80,48,1
134,111,77,48,1
132,111,75,48,1
130,111,74,48,1
128,111,71,48,1
126,111,69,48,1
124,111,137,48,1
122,111,191,48,1
120,111,244,48,1
118,111,254,48,1
116,111,248,48,1
114,111,245,48,1
112,111,243,48,1
110,111,239,48,1
108,111,236,48,1
106,111,235,48,1
104,111,233,48,1
102,111,233,48,1
100,111,231,48,1
98,111,230,48,1
96,111,230,48,1
94,111,230,48,1
92,111,230,48,1
90,111,231,48,1
88,111,230,48,1
86,111,232,48,1
84,111,233,48,1
82,111,234,48,1
80,111,236,48,1
78,111,236,48,1
76,111,237,48,1
74,111,237,48,1
72,111,240,48,1
70,111,241,48,1
68,111,245,48,1
66,111,249,48,1
64,111,261,48,1
62,111,266,48,1
60,111,273,48,1
58,111,277,48,1
56,111,283,48,1
54,111,289,48,1
52,111,298,48,1
50,111,302,48,1
48,111,311,48,1
46,111,321,48,1
44,111,335,48,1
42,111,346,48,1
40,111,347,48,1
38,111,341,48,1
36,111,292,48,1
34,111,284,48,1
32,111,276,48,1
30,111,271,48,1
28,111,264,48,1
26,111,260,48,1
24,111,186,48,1
22,111,175,48,1
20,111,170,48,1
18,111,167,48,1
16,111,164,48,1
14,111,161,48,1
12,111,161,48,1
10,111,250,48,1
8,111,266,48,1
6,111,259,48,1
4,111,261,48,1
2,111,262,48,1
DET,21,161,43
0,111,260,48,1
2,111,257,48,1
4,111,260,48,1
6,111,261,48,1
8,111,259,48,1
10,111,260,48,1
12,111,267,48,1
14,111,239,48,1
16,111,158,48,1
18,111,163,48,1
20,111,165,48,1
22,111,166,48,1
24,111,173,48,1
26,111,177,48,1
28,111,255,48,1
30,111,260,48,1
32,111,267,48,1
34,111,274,48,1
36,111,281,48,1
38,111,287,48,1
40,111,333,48,1
42,111,338,48,1
44,111,347,48,1
46,111,342,48,1
48,111,324,48,1
50,111,317,48,1
52,111,306,48,1
54,111,298,48,1
56,111,290,48,1
58,111,286,48,1
60,111,279,48,1
62,111,273,48,1
64,111,267,48,1
66,111,263,48,1
68,111,256,48,1
70,111,248,48,1
72,111,246,48,1
74,111,245,48,1
76,111,244,48,1
78,111,242,48,1
80,111,239,48,1
82,111,237,48,1
84,111,234,48,1
86,111,234,48,1
88,111,232,48,1
90,111,231,48,1
92,111,230,48,1
94,111,230,48,1
96,111,230,48,1
98,111,230,48,1
100,111,230,48,1
102,111,231,48,1
104,111,232,48,1
106,111,233,48,1
108,111,235,48,1
110,111,236,48,1
112,111,238,48,1
114,111,240,48,1
116,111,243,48,1
118,111,246,48,1
120,111,251,48,1
122,111,249,48,1
124,111,193,48,1
126,111,187,48,1
128,111,69,48,1
130,111,69,48,1
132,111,73,48,1
134,111,74,48,1
136,111,75,48,1
138,111,78,48,1
140,111,80,48,1
142,111,81,48,1
144,111,84,48,1
146,111,85,48,1
148,111,87,48,1
150,111,89,48,1
152,111,89,48,1
154,111,104,48,1
156,111,130,48,1
158,111,127,48,1
160,111,125,48,1
162,111,122,48,1
164,111,117,48,1
DET,21,158,34
166,111,120,48,1
164,111,119,48,1
162,111,120,48,1
160,111,108,48,1
158,111,123,48,1
156,111,125,48,1
154,111,128,48,1
152,111,131,48,1
150,111,100,48,1
148,111,89,48,1
146,111,89,48,1
144,111,88,48,1
142,111,85,48,1
140,111,83,48,1
138,111,81,48,1
136,111,79,48,1
134,111,76,48,1
132,111,75,48,1
130,111,74,48,1
128,111,72,48,1
126,111,69,48,1
124,111,96,48,1
122,111,190,48,1
120,111,239,48,1
118,111,254,48,1
116,111,249,48,1
114,111,245,48,1
112,111,241,48,1
110,111,239,48,1
108,111,237,48,1
106,111,235,48,1
104,111,233,48,1
102,111,233,48,1
100,111,231,48,1
98,111,230,48,1
96,111,230,48,1
94,111,230,48,1
92,111,230,48,1
90,111,231,48,1
88,111,231,48,1
86,111,231,48,1
84,111,233,48,1
82,111,234,48,1
80,111,236,48,1
78,111,237,48,1
76,111,236,48,1
74,111,238,48,1
72,111,239,48,1
70,111,242,48,1
68,111,245,48,1
66,111,250,48,1
64,111,261,48,1
62,111,265,48,1
60,111,272,48,1
58,111,277,48,1
56,111,283,48,1
54,111,289,48,1
52,111,299,48,1
50,111,303,48,1
48,111,314,48,1
46,111,321,48,1
44,111,332,48,1
42,111,343,48,1
40,111,348,48,1
38,111,342,48,1
36,111,294,48,1
34,111,285,48,1
32,111,277,48,1
30,111,271,48,1
28,111,265,48,1
26,111,260,48,1
24,111,180,48,1
22,111,175,48,1
20,111,168,48,1
18,111,166,48,1
16,111,164,48,1
14,111,161,48,1
12,111,160,48,1
10,111,243,48,1
8,111,267,48,1
6,111,258,48,1
4,111,261,48,1
2,111,262,48,1
DET,21,160,40
0,111,259,48,1
2,111,258,48,1
4,111,260,48,1
6,111,261,48,1
8,111,257,48,1
10,111,261,48,1
12,111,267,48,1
14,111,250,48,1
16,111,158,48,1
18,111,163,48,1
20,111,165,48,1
22,111,166,48,1
24,111,173,48,1
26,111,177,48,1
28,111,247,48,1
30,111,261,48,1
32,111,269,48,1
34,111,275,48,1
36,111,283,48,1
38,111,288,48,1
40,111,329,48,1
42,111,339,48,1
44,111,348,48,1
46,111,341,48,1
48,111,327,48,1
50,111,319,48,1
52,111,306,48,1
54,111,299,48,1
56,111,291,48,1
58,111,285,48,1
60,111,278,48,1
62,111,272,48,1
64,111,266,48,1
66,111,263,48,1
68,111,257,48,1
70,111,248,48,1
72,111,246,48,1
74,111,244,48,1
76,111,244,48,1
78,111,242,48,1
80,111,239,48,1
82,111,237,48,1
84,111,234,48,1
86,111,234,48,1
88,111,232,48,1
90,111,231,48,1
92,111,231,48,1
94,111,230,48,1
96,111,230,48,1
98,111,230,48,1
100,111,230,48,1
102,111,231,48,1
104,111,231,48,1
106,111,232,48,1
108,111,234,48,1
110,111,236,48,1
112,111,238,48,1
114,111,240,48,1
116,111,243,48,1
118,111,246,48,1
120,111,249,48,1
122,111,250,48,1
124,111,193,48,1
126,111,188,48,1
128,111,71,48,1
130,111,69,48,1
132,111,72,48,1
134,111,74,48,1
136,111,75,48,1
138,111,78,48,1
140,111,80,48,1
142,111,82,48,1
144,111,84,48,1
146,111,85,48,1
148,111,88,48,1
150,111,90,48,1
152,111,89,48,1
154,111,101,48,1
156,111,130,48,1
158,111,127,48,1
160,111,125,48,1
162,111,123,48,1
164,111,107,48,1
DET,21,158,34
166,111,120,48,1
164,111,119,48,1
162,111,120,48,1
160,111,111,48,1
158,111,123,48,1
156,111,126,48,1
154,111,128,48,1
152,111,131,48,1
150,111,108,48,1
148,111,89,48,1
146,111,89,48,1
144,111,88,48,1
142,111,86,48,1
140,111,83,48,1
138,111,81,48,1
136,111,79,48,1
134,111,76,48,1
132,111,75,48,1
130,111,74,48,1
128,111,70,48,1
126,111,69,48,1
124,111,143,48,1
122,111,190,48,1
120,111,238,48,1
118,111,254,48,1
116,111,249,48,1
114,111,246,48,1
112,111,242,48,1
110,111,235,48,1
108,111,50,48,1
106,111,48,48,1
104,111,46,48,1
102,111,44,48,1
100,111,41,48,1
98,111,39,48,1
96,111,37,48,1
