94,111,37,48,1
92,111,33,48,1
90,111,31,48,1
88,111,27,48,1
86,111,25,48,1
84,111,24,48,1
82,111,23,48,1
80,111,23,48,1
78,111,22,48,1
76,111,21,48,1
74,111,20,48,1
72,111,19,48,1
70,111,18,48,1
68,111,17,48,1
66,111,15,48,1
64,111,13,48,1
62,111,12,48,1
60,111,13,48,1
58,111,12,48,1
56,111,16,48,1
54,111,29,48,1
52,111,296,48,1
50,111,303,48,1
48,111,314,48,1
46,111,323,48,1
44,111,336,48,1
42,111,346,48,1
40,111,344,48,1
38,111,339,48,1
36,111,301,48,1
34,111,286,48,1
32,111,278,48,1
30,111,272,48,1
28,111,265,48,1
26,111,261,48,1
24,111,255,48,1
22,111,252,48,1
20,111,254,48,1
18,111,274,48,1
16,111,280,48,1
14,111,247,48,1
12,111,232,48,1
10,111,263,48,1
8,111,266,48,1
6,111,260,48,1
4,111,262,48,1
2,111,262,48,1
DET,84,12,40
0,111,260,48,1
2,111,257,48,1
4,111,260,48,1
6,111,262,48,1
8,111,257,48,1
10,111,260,48,1
12,111,267,48,1
14,111,250,48,1
16,111,236,48,1
18,111,294,48,1
20,111,262,48,1
22,111,277,48,1
24,111,251,48,1
26,111,254,48,1
28,111,258,48,1
30,111,261,48,1
32,111,268,48,1
34,111,274,48,1
36,111,283,48,1
38,111,288,48,1
40,111,334,48,1
42,111,342,48,1
44,111,347,48,1
46,111,339,48,1
48,111,328,48,1
50,111,318,48,1
52,111,306,48,1
54,111,298,48,1
56,111,290,48,1
58,111,285,48,1
60,111,277,48,1
62,111,273,48,1
64,111,266,48,1
66,111,263,48,1
68,111,255,48,1
70,111,248,48,1
72,111,245,48,1
74,111,244,48,1
76,111,244,48,1
78,111,242,48,1
80,111,239,48,1
82,111,237,48,1
84,111,235,48,1
86,111,234,48,1
88,111,232,48,1
90,111,231,48,1
92,111,231,48,1
94,111,230,48,1
96,111,230,48,1
98,111,230,48,1
100,111,231,48,1
102,111,231,48,1
104,111,232,48,1
106,111,233,48,1
108,111,234,48,10,111,0,0,0
2,111,255,48,1
4,111,260,48,1
6,111,261,48,1
8,111,258,48,1
10,111,259,48,1
12,111,267,48,1
14,111,248,48,1
16,111,238,48,1
18,111,301,48,1
20,111,261,48,1
22,111,285,48,1
24,111,250,48,1
26,111,253,48,1
28,111,258,48,1
30,111,261,48,1
32,111,268,48,1
34,111,275,48,1
36,111,282,48,1
38,111,288,48,1
40,111,337,48,1
42,111,343,48,1
44,111,347,48,1
46,111,339,48,1
48,111,329,48,1
50,111,317,48,1
52,111,307,48,1
54,111,299,48,1
56,111,291,48,1
58,111,286,48,1
60,111,274,48,1
62,111,247,48,1
64,111,256,48,1
66,111,260,48,1
68,111,255,48,1
70,111,249,48,1
72,111,248,48,1
74,111,246,48,1
76,111,244,48,1
78,111,243,48,1
80,111,239,48,1
82,111,237,48,1
84,111,235,48,1
86,111,233,48,1
88,111,232,48,1
90,111,231,48,1
92,111,230,48,1
94,111,230,48,1
96,111,230,48,1
98,111,230,48,1
100,111,230,48,1
102,111,231,48,1
104,111,232,48,1
106,111,232,48,1
108,111,234,48,1
110,111,235,48,1
112,111,238,48,1
114,111,240,48,1
116,111,242,48,1
118,111,247,48,1
120,111,250,48,1
122,111,249,48,1
124,111,192,48,1
126,111,191,48,1
128,111,215,48,1
130,111,212,48,1
132,111,197,48,1
134,111,198,48,1
136,111,191,48,1
138,111,42,48,1
140,111,46,48,1
142,111,49,48,1
144,111,54,48,1
146,111,56,48,1
148,111,61,48,1
150,111,66,48,1
152,111,70,48,1
154,111,73,48,1
156,111,75,48,1
158,111,112,48,1
160,111,125,48,1
162,111,123,48,1
164,111,107,48,1
166,111,120,48,1
164,111,119,48,1
162,111,119,48,1
160,111,106,48,1
158,111,123,48,1
156,111,125,48,1
154,111,91,48,1
152,111,75,48,1
150,111,73,48,1
148,111,68,48,1
146,111,63,48,1
144,111,59,48,1
142,111,55,48,1
140,111,51,48,1
138,111,48,48,1
136,111,45,48,1
134,111,43,48,1
132,111,198,48,1
130,111,198,48,1
128,111,205,48,1
126,111,216,48,1
124,111,206,48,1
122,111,190,48,1
120,111,235,48,1
118,111,253,48,1
116,111,248,48,1
114,111,245,48,1
112,111,242,48,1
110,111,239,48,1
108,111,237,48,1
106,111,235,48,1
104,111,234,48,1
102,111,233,48,1
100,111,231,48,1
98,111,230,48,1
96,111,230,48,1
94,111,230,48,1
92,111,230,48,1
90,111,231,48,1
88,111,231,48,1
86,111,231,48,1
84,111,233,48,1
82,111,234,48,1
80,111,234,48,1
78,111,234,48,1
76,111,235,48,1
74,111,237,48,1
72,111,239,48,1
70,111,241,48,1
68,111,244,48,1
66,111,250,48,1
64,111,234,48,1
62,111,198,48,1
60,111,200,48,1
58,111,234,48,1
56,111,283,48,1
54,111,288,48,1
52,111,297,48,1
50,111,304,48,1
48,111,313,48,1
46,111,321,48,1
44,111,333,48,1
42,111,344,48,1
40,111,350,48,1
38,111,342,48,1
36,111,291,48,1
34,111,284,48,1
32,111,275,48,1
30,111,271,48,1
28,111,264,48,1
26,111,261,48,1
24,111,256,48,1
22,111,252,48,1
20,111,252,48,1
18,111,293,48,1
16,111,284,48,1
14,111,256,48,1
12,111,232,48,1
10,111,259,48,1
8,111,265,48,1
6,111,257,48,1
4,111,260,48,1
2,111,261,48,1
0,111,260,48,1
2,111,258,48,1
4,111,260,48,1
6,111,261,48,1
8,111,258,48,1
10,111,259,48,1
12,111,267,48,1
14,111,254,48,1
16,111,236,48,1
18,111,303,48,1
20,111,263,48,1
22,111,288,48,1
24,111,251,48,1
26,111,255,48,1
28,111,259,48,1
30,111,261,48,1
32,111,267,48,1
34,111,273,48,1
36,111,282,48,1
38,111,288,48,1
40,111,330,48,1
42,111,342,48,1
44,111,349,48,1
46,111,339,48,1
48,111,326,48,1
50,111,317,48,1
52,111,306,48,1
54,111,298,48,1
56,111,289,48,1
58,111,285,48,1
60,111,276,48,1
62,111,237,48,1
64,111,250,48,1
66,111,256,48,1
68,111,257,48,1
70,111,247,48,1
72,111,247,48,1
74,111,246,48,1
76,111,243,48,1
78,111,242,48,1
80,111,239,48,1
82,111,238,48,1
84,111,235,48,1
86,111,233,48,1
88,111,232,48,1
90,111,231,48,1
92,111,230,48,1
94,111,230,48,1
96,111,230,48,1
98,111,230,48,1
100,111,231,48,1
102,111,231,48,1
104,111,232,48,1
106,111,233,48,1
108,111,235,48,1
110,111,237,48,1
112,111,238,48,1
114,111,240,48,1
116,111,244,48,1
118,111,246,48,1
120,111,250,48,1
122,111,253,48,1
124,111,193,48,1
126,111,192,48,1
128,111,218,48,1
130,111,214,48,1
132,111,197,48,1
134,111,199,48,1
136,111,135,48,1
138,111,43,48,1
140,111,46,48,1
142,111,50,48,1
144,111,54,48,1
146,111,56,48,1
148,111,61,48,1
150,111,65,48,1
152,111,70,48,1
154,111,73,48,1
156,111,76,48,1
158,111,92,48,1
160,111,125,48,1
162,111,123,48,1
164,111,115,48,1
166,111,119,48,1
164,111,119,48,1
162,111,120,48,1
160,111,115,48,1
158,111,123,48,1
156,111,125,48,1
154,111,94,48,1
152,111,76,48,1
150,111,73,48,1
148,111,69,48,1
146,111,64,48,1
144,111,58,48,1
142,111,54,48,1
140,111,49,48,1
138,111,47,48,1
136,111,44,48,1
134,111,43,48,1
132,111,198,48,1
130,111,198,48,1
128,111,204,48,1
126,111,215,48,1
124,111,210,48,1
122,111,190,48,1
120,111,239,48,1
118,111,253,48,1
116,111,249,48,1
114,111,245,48,1
112,111,241,48,1
110,111,239,48,1
108,111,237,48,1
106,111,235,48,1
104,111,234,48,1
102,111,232,48,1
100,111,231,48,1
98,111,231,48,1
96,111,230,48,1
94,111,230,48,1
92,111,230,48,1
90,111,230,48,1
88,111,231,48,1
86,111,232,48,1
84,111,233,48,1
82,111,235,48,1
80,111,235,48,1
78,111,235,48,1
76,111,236,48,1
74,111,237,48,1
72,111,239,48,1
70,111,241,48,1
68,111,244,48,1
66,111,249,48,1
64,111,245,48,1
62,111,201,48,1
60,111,199,48,1
58,111,228,48,1
56,111,282,48,1
54,111,289,48,1
52,111,299,48,1
50,111,303,48,1
48,111,313,48,1
46,111,323,48,1
44,111,338,48,1
42,111,342,48,1
40,111,349,48,1
38,111,344,48,1
36,111,294,48,1
34,111,284,48,1
32,111,277,48,1
30,111,271,48,1
28,111,265,48,1
26,111,260,48,1
24,111,255,48,1
22,111,252,48,1
20,111,257,48,1
18,111,290,48,1
16,111,294,48,1
14,111,264,48,1
12,111,232,48,1
10,111,254,48,1
8,111,266,48,1
6,111,258,48,1
4,111,261,48,1
2,111,261,48,1
0,111,259,48,1
2,111,258,48,1
4,111,259,48,1
6,111,260,48,1
8,111,257,48,1
10,111,259,48,1
12,111,267,48,1
14,111,256,48,1
16,111,234,48,1
18,111,295,48,1
20,111,262,48,1
22,111,286,48,1
24,111,251,48,1
26,111,254,48,1
28,111,257,48,1
30,111,261,48,1
32,111,268,48,1
34,111,274,48,1
36,111,283,48,1
38,111,288,48,1
40,111,336,48,1
42,111,343,48,1
44,111,349,48,1
46,111,340,48,1
48,111,327,48,1
50,111,318,48,1
52,111,308,48,1
54,111,299,48,1
56,111,289,48,1
58,111,284,48,1
60,111,272,48,1
62,111,242,48,1
64,111,251,48,1
66,111,258,48,1
68,111,254,48,1
70,111,248,48,1
72,111,246,48,1
74,111,245,48,1
76,111,243,48,1
78,111,242,48,1
80,111,239,48,1
82,111,238,48,1
84,111,235,48,1
86,111,233,48,1
88,111,232,48,1
90,111,231,48,1
92,111,230,48,1
94,111,230,48,1
96,111,230,48,1
98,111,230,48,1
100,111,230,48,1
102,111,231,48,1
104,111,231,48,1
106,111,233,48,1
108,111,235,48,1
110,111,235,48,1
112,111,238,48,1
114,111,239,48,1
116,111,243,48,1
118,111,246,48,1
120,111,252,48,1
122,111,248,48,1
124,111,191,48,1
126,111,191,48,1
128,111,213,48,1
130,111,216,48,1
132,111,198,48,1
134,111,199,48,1
136,111,185,48,1
138,111,42,48,1
140,111,46,48,1
142,111,49,48,1
144,111,53,48,1
146,111,56,48,1
148,111,61,48,1
150,111,66,48,1
152,111,71,48,1
154,111,74,48,1
156,111,78,48,1
158,111,111,48,1
160,111,125,48,1
162,111,123,48,1
164,111,116,48,1
166,111,119,48,1
164,111,119,48,1
162,111,119,48,1
160,111,111,48,1
158,111,123,48,1
156,111,125,48,1
154,111,90,48,1
152,111,75,48,1
150,111,73,48,1
148,111,67,48,1
146,111,64,48,1
144,111,59,48,1
142,111,54,48,1
140,111,50,48,1
138,111,48,48,1
136,111,44,48,1
134,111,42,48,1
132,111,195,48,1
130,111,199,48,1
128,111,204,48,1
126,111,216,48,1
124,111,204,48,1
122,111,191,48,1
120,111,244,48,1
118,111,253,48,1
116,111,249,48,1
114,111,246,48,1
112,111,242,48,1
110,111,239,48,1
108,111,236,48,1
106,111,235,48,1
104,111,233,48,1
102,111,232,48,1
100,111,231,48,1
98,111,230,48,1
96,111,230,48,1
94,111,230,48,1
92,111,230,48,1
90,111,230,48,1
88,111,231,48,1
86,111,231,48,1
84,111,232,48,1
82,111,234,48,1
80,111,235,48,1
78,111,235,48,1
76,111,236,48,1
74,111,237,48,1
72,111,239,48,1
70,111,241,48,1
68,111,245,48,1
66,111,251,48,1
64,111,226,48,1
62,111,199,48,1
60,111,199,48,1
58,111,222,48,1
56,111,282,48,1
54,111,287,48,1
52,111,297,48,1
50,111,302,48,1
48,111,311,48,1
46,111,322,48,1
44,111,334,48,1
42,111,345,48,1
40,111,347,48,1
38,111,339,48,1
36,111,291,48,1
34,111,283,48,1
32,111,275,48,1
30,111,271,48,1
28,111,266,48,1
26,111,260,48,1
24,111,255,48,1
22,111,252,48,1
20,111,251,48,1
18,111,293,48,1
16,111,282,48,1
14,111,252,48,1
12,111,232,48,1
10,111,260,48,1
8,111,265,48,1
6,111,256,48,1
4,111,261,48,1
2,111,261,48,1
0,111,259,48,1
2,111,256,48,1
4,111,260,48,1
6,111,260,48,1
8,111,257,48,1
10,111,258,48,1
12,111,267,48,1
14,111,251,48,1
16,111,237,48,1
18,111,303,48,1
20,111,262,48,1
22,111,284,48,1
24,111,251,48,1
26,111,253,48,1
28,111,258,48,1
30,111,260,48,1
32,111,266,48,1
34,111,273,48,1
36,111,281,48,1
38,111,287,48,1
40,111,333,48,1
42,111,343,48,1
44,111,348,48,1
46,111,339,48,1
48,111,325,48,1
50,111,316,48,1
52,111,305,48,1
54,111,298,48,1
56,111,290,48,1
58,111,286,48,1
60,111,276,48,1
62,111,239,48,1
64,111,250,48,1
66,111,257,48,1
68,111,255,48,1
70,111,248,48,1
72,111,246,48,1
74,111,245,48,1
76,111,243,48,1
78,111,242,48,1
80,111,238,48,1
82,111,236,48,1
84,111,235,48,1
86,111,234,48,1
88,111,232,48,1
90,111,232,48,1
92,111,230,48,1
94,111,230,48,1
96,111,230,48,1
98,111,230,48,1
100,111,230,48,1
102,111,231,48,1
104,111,232,48,1
106,111,233,48,1
108,111,235,48,1
110,111,236,48,1
112,111,238,48,1
114,111,240,48,1
116,111,243,48,1
118,111,246,48,1
120,111,251,48,1
122,111,249,48,1
124,111,192,48,1
126,111,191,48,1
128,111,217,48,1
130,111,213,48,1
132,111,197,48,1
134,111,199,48,1
136,111,193,48,1
138,111,42,48,1
140,111,45,48,1
142,111,48,48,1
144,111,52,48,1
146,111,56,48,1
148,111,61,48,1
150,111,65,48,1
152,111,71,48,1
154,111,74,48,1
156,111,78,48,1
158,111,123,48,1
160,111,125,48,1
162,111,122,48,1
164,111,119,48,1
166,111,119,48,1
164,111,119,48,1
162,111,119,48,1
160,111,105,48,1
158,111,123,48,1
156,111,125,48,1
154,111,92,48,1
152,111,76,48,1
150,111,73,48,1
148,111,68,48,1
146,111,63,48,1
144,111,58,48,1
142,111,54,48,1
140,111,50,48,1
138,111,47,48,1
136,111,44,48,1
134,111,43,48,1
132,111,194,48,1
130,111,199,48,1
128,111,203,48,1
126,111,215,48,1
124,111,209,48,1
122,111,190,48,1
120,111,242,48,1
118,111,253,48,1
116,111,248,48,1
114,111,245,48,1
112,111,241,48,1
110,111,239,48,1
108,111,236,48,1
106,111,235,48,1
104,111,233,48,1
102,111,233,48,1
100,111,231,48,1
98,111,230,48,1
96,111,230,48,1
94,111,230,48,1
92,111,229,48,1
90,111,231,48,1
88,111,231,48,1
86,111,232,48,1
84,111,232,48,1
82,111,234,48,1
80,111,236,48,1
78,111,235,48,1
76,111,236,48,1
74,111,237,48,1
72,111,238,48,1
70,111,241,48,1
68,111,244,48,1
66,111,251,48,1
64,111,228,48,1
62,111,199,48,1
60,111,200,48,1
58,111,232,48,1
56,111,282,48,1
54,111,289,48,1
52,111,299,48,1
50,111,303,48,1
48,111,314,48,1
46,111,320,48,1
44,111,334,48,1
42,111,343,48,1
40,111,348,48,1
38,111,342,48,1
36,111,293,48,1
34,111,284,48,1
32,111,276,48,1
30,111,272,48,1
28,111,265,48,1
26,111,260,48,1
24,111,255,48,1
22,111,252,48,1
20,111,258,48,1
18,111,295,48,1
16,111,271,48,1
14,111,259,48,1
12,111,232,48,1
10,111,254,48,1
8,111,266,48,1
6,111,258,48,1
4,111,261,48,1
2,111,262,48,1
0,111,260,48,1
2,111,259,48,1
4,111,261,48,1
6,111,262,48,1
8,111,257,48,1
10,111,259,48,1
12,111,267,48,1
14,111,257,48,1
16,111,234,48,1
18,111,297,48,1
20,111,262,48,1
22,111,283,48,1
24,111,251,48,1
26,111,254,48,1
28,111,259,48,1
30,111,262,48,1
32,111,268,48,1
34,111,274,48,1
36,111,283,48,1
38,111,289,48,1
40,111,326,48,1
42,111,342,48,1
44,111,348,48,1
46,111,340,48,1
48,111,325,48,1
50,111,318,48,1
52,111,305,48,1
54,111,298,48,1
56,111,290,48,1
58,111,285,48,1
60,111,272,48,1
62,111,245,48,1
64,111,251,48,1
66,111,258,48,1
68,111,256,48,1
70,111,248,48,1
72,111,247,48,1
74,111,245,48,1
76,111,243,48,1
78,111,242,48,1
80,111,239,48,1
82,111,237,48,1
84,111,234,48,1
86,111,233,48,1
88,111,232,48,1
90,111,231,48,1
92,111,230,48,1
94,111,230,48,1
96,111,230,48,1
98,111,230,48,1
100,111,230,48,1
102,111,231,48,1
104,111,232,48,1
106,111,232,48,1
108,111,235,48,1
110,111,236,48,1
112,111,237,48,1
114,111,240,48,1
116,111,243,48,1
118,111,247,48,1
120,111,252,48,1
122,111,248,48,1
124,111,191,48,1
126,111,191,48,1
128,111,215,48,1
130,111,215,48,1
132,111,198,48,1
134,111,198,48,1
136,111,184,48,1
138,111,42,48,1
140,111,46,48,1
142,111,49,48,1
144,111,53,48,1
146,111,57,48,1
148,111,62,48,1
150,111,66,48,1
152,111,71,48,1
154,111,73,48,1
156,111,78,48,1
158,111,116,48,1
160,111,125,48,1
162,111,123,48,1
164,111,113,48,1
166,111,119,48,1
164,111,119,48,1
162,111,119,48,1
160,111,110,48,1
158,111,123,48,1
156,111,125,48,1
154,111,89,48,1
152,111,75,48,1
150,111,73,48,1
148,111,68,48,1
146,111,63,48,1
144,111,59,48,1
142,111,55,48,1
140,111,51,48,1
138,111,48,48,1
136,111,44,48,1
134,111,43,48,1
132,111,197,48,1
130,111,198,48,1
128,111,209,48,1
126,111,216,48,1
124,111,207,48,1
122,111,190,48,1
120,111,232,48,1
118,111,253,48,1
116,111,249,48,1
114,111,245,48,1
112,111,242,48,1
110,111,239,48,1
108,111,236,48,1
106,111,235,48,1
104,111,234,48,1
102,111,232,48,1
100,111,231,48,1
98,111,230,48,1
96,111,230,48,1
94,111,230,48,1
92,111,230,48,1
90,111,230,48,1
88,111,231,48,1
86,111,232,48,1
84,111,232,48,1
82,111,234,48,1
80,111,236,48,1
78,111,235,48,1
76,111,236,48,1
74,111,237,48,1
72,111,240,48,1
70,111,241,48,1
68,111,245,48,1
66,111,252,48,1
64,111,240,48,1
62,111,203,48,1
60,111,198,48,1
58,111,226,48,1
56,111,282,48,1
54,111,289,48,1
52,111,298,48,1
50,111,303,48,1
48,111,313,48,1
46,111,323,48,1
44,111,335,48,1
42,111,346,48,1
40,111,348,48,1
38,111,339,48,1
36,111,289,48,1
34,111,285,48,1
32,111,277,48,1
30,111,271,48,1
28,111,266,48,1
26,111,260,48,1
24,111,256,48,1
22,111,252,48,1
20,111,252,48,1
18,111,294,48,1
16,111,282,48,1
14,111,249,48,1
12,111,232,48,1
10,111,259,48,1
8,111,265,48,1
6,111,258,48,1
4,111,260,48,1
2,111,261,48,1
0,111,259,49,1
2,111,258,48,1
4,111,259,48,1
6,111,261,48,1
8,111,257,48,1
10,111,260,48,1
12,111,268,48,1
14,111,248,48,1
16,111,237,49,1
18,111,302,49,1
20,111,263,48,1
22,111,281,48,1
24,111,250,48,1
26,111,254,48,1
28,111,258,49,1
30,111,261,48,1
32,111,268,49,1
34,111,273,48,1
36,111,282,48,1
38,111,288,48,1
40,111,334,48,1
42,111,341,48,1
44,111,348,48,1
46,111,341,48,1
48,111,325,48,1
50,111,316,48,1
52,111,308,48,1
54,111,300,48,1
56,111,291,48,1
58,111,286,48,1
60,111,274,48,1
62,111,245,48,1
64,111,250,48,1
66,111,257,48,1
68,111,255,48,1
70,111,247,48,1
72,111,247,49,1
74,111,246,48,1
76,111,244,48,1
78,111,242,49,1
80,111,239,49,1
82,111,237,49,1
84,111,235,48,1
86,111,234,49,1
88,111,232,49,1
90,111,231,49,1
92,111,230,48,1
94,111,230,48,1
96,111,230,49,1
98,111,230,48,1
100,111,231,48,1
102,111,231,48,1
104,111,232,48,1
106,111,234,48,1
108,111,235,48,1
110,111,235,48,1
112,111,239,49,1
114,111,239,49,1
116,111,244,48,1
118,111,247,49,1
120,111,252,49,1
122,111,249,49,1
124,111,193,49,1
126,111,194,48,1
128,111,218,48,1
130,111,211,48,1
132,111,197,48,1
134,111,199,49,1
136,111,102,49,1
138,111,43,48,1
140,111,46,48,1
142,111,49,48,1
144,111,53,48,1
146,111,57,48,1
148,111,61,48,1
150,111,65,48,1
152,111,70,48,1
154,111,74,48,1
156,111,77,48,1
158,111,111,48,1
160,111,124,48,1
162,111,123,48,1
164,111,118,48,1
166,111,119,48,1
164,111,119,48,1
162,111,119,48,1
160,111,105,48,1
158,111,123,48,1
156,111,125,48,1
154,111,90,48,1
152,111,75,48,1
150,111,73,48,1
148,111,68,48,1
146,111,63,48,1
144,111,58,48,1
142,111,54,48,1
140,111,50,48,1
138,111,48,48,1
136,111,45,48,1
134,111,43,48,1
132,111,194,48,1
130,111,199,48,1
128,111,205,48,1
126,111,216,48,1
124,111,212,48,1
122,111,190,48,1
120,111,241,48,1
118,111,253,48,1
116,111,248,48,1
114,111,245,48,1
112,111,242,48,1
110,111,239,48,1
108,111,237,48,1
106,111,235,48,1
104,111,234,48,1
102,111,233,48,1
100,111,231,48,1
98,111,230,48,1
96,111,231,48,1
94,111,230,48,1
92,111,230,48,1
90,111,231,48,1
88,111,231,49,1
86,111,232,49,1
84,111,233,48,1
82,111,234,49,1
80,111,236,48,1
78,111,236,48,1
76,111,237,48,1
74,111,237,48,1
72,111,238,48,1
70,111,241,48,1
68,111,244,49,1
66,111,250,49,1
64,111,233,49,1
62,111,201,49,1
60,111,199,49,1
58,111,227,48,1
56,111,283,48,1
54,111,290,48,1
52,111,298,48,1
50,111,301,48,1
48,111,312,49,1
46,111,322,48,1
44,111,335,49,1
42,111,344,48,1
40,111,349,49,1
38,111,342,48,1
36,111,292,48,1
34,111,284,48,1
32,111,276,48,1
30,111,272,48,1
28,111,265,48,1
26,111,260,48,1
24,111,255,48,1
22,111,252,48,1
20,111,251,48,1
18,111,292,48,1
16,111,276,48,1
14,111,254,49,1
12,111,232,48,1
10,111,259,48,1
8,111,267,48,1
6,111,258,48,1
4,111,262,48,1
2,111,261,48,1
0,111,259,48,1
2,111,258,48,1
4,111,260,49,1
6,111,262,49,1
8,111,258,48,1
10,111,259,48,1
12,111,267,49,1
14,111,257,49,1
16,111,235,48,1
18,111,298,48,1
20,111,262,48,1
22,111,284,49,1
24,111,251,49,1
26,111,254,49,1
28,111,259,48,1
30,111,261,49,1
32,111,269,49,1
34,111,275,48,1
36,111,282,49,1
38,111,287,48,1
40,111,329,48,1
42,111,343,48,1
44,111,348,49,1
46,111,339,48,1
48,111,326,48,1
50,111,315,48,1
52,111,307,48,1
54,111,298,48,1
56,111,290,48,1
58,111,286,48,1
60,111,272,49,1
62,111,241,49,1
64,111,253,48,1
66,111,257,48,1
68,111,257,48,1
70,111,249,48,1
72,111,246,48,1
74,111,245,48,1
76,111,244,48,1
78,111,242,48,1
80,111,239,49,1
82,111,238,49,1
84,111,235,48,1
86,111,233,48,1
88,111,231,48,1
90,111,231,48,1
92,111,230,48,1
94,111,230,48,1
96,111,230,48,1
98,111,230,48,1
100,111,231,48,1
102,111,231,49,1
104,111,232,48,1
106,111,233,48,1
108,111,235,48,1
110,111,237,49,1
112,111,238,48,1
114,111,240,49,1
116,111,243,49,1
118,111,247,49,1
120,111,252,49,1
122,111,250,48,1
124,111,193,49,1
126,111,192,49,1
128,111,215,49,1
130,111,214,49,1
132,111,199,48,1
134,111,199,49,1
136,111,133,49,1
138,111,43,48,1
140,111,45,48,1
142,111,48,48,1
144,111,52,48,1
146,111,56,48,1
148,111,61,48,1
150,111,65,48,1
152,111,69,48,1
154,111,73,48,1
156,111,78,48,1
158,111,119,48,1
160,111,125,48,1
162,111,123,48,1
164,111,115,48,1
166,111,119,48,1
164,111,119,48,1
162,111,119,48,1
160,111,110,48,1
158,111,123,48,1
156,111,126,48,1
154,111,87,48,1
152,111,76,48,1
150,111,73,48,1
148,111,68,48,1
146,111,63,48,1
144,111,58,48,1
142,111,55,48,1
140,111,50,48,1
138,111,47,48,1
136,111,44,48,1
134,111,43,48,1
132,111,196,48,1
130,111,198,48,1
128,111,209,48,1
126,111,217,48,1
124,111,208,48,1
122,111,190,48,1
120,111,235,48,1
118,111,254,48,1
116,111,249,48,1
114,111,245,48,1
112,111,242,48,1
110,111,239,48,1
108,111,236,48,1
106,111,235,48,1
104,111,233,48,1
102,111,232,48,1
100,111,231,48,1
98,111,230,48,1
96,111,230,48,1
94,111,229,48,1
92,111,230,48,1
90,111,230,48,1
88,111,231,48,1
86,111,232,48,1
84,111,232,48,1
82,111,234,48,1
80,111,235,48,1
78,111,235,48,1
76,111,236,48,1
74,111,237,48,1
72,111,240,48,1
70,111,241,48,1
68,111,245,48,1
66,111,249,48,1
64,111,245,48,1
62,111,204,48,1
60,111,199,48,1
58,111,223,48,1
56,111,283,48,1
54,111,289,48,1
52,111,298,48,1
50,111,304,48,1
48,111,313,48,1
46,111,323,48,1
44,111,335,48,1
42,111,345,48,1
40,111,348,48,1
38,111,339,48,1
36,111,295,49,1
34,111,285,48,1
32,111,278,49,1
30,111,271,48,1
28,111,265,49,1
26,111,260,48,1
24,111,255,48,1
22,111,252,48,1
20,111,255,48,1
18,111,292,48,1
16,111,282,48,1
14,111,249,49,1
12,111,232,49,1
10,111,261,48,1
8,111,267,48,1
6,111,259,48,1
4,111,261,49,1
2,111,263,48,1
0,111,260,48,1
2,111,258,48,1
4,111,261,48,1
6,111,262,48,1
8,111,258,48,1
10,111,261,48,1
12,111,267,48,1
14,111,248,48,1
16,111,236,48,1
18,111,303,48,1
20,111,262,48,1
22,111,284,49,1
24,111,251,49,1
26,111,253,48,1
28,111,258,49,1
30,111,261,48,1
32,111,267,48,1
34,111,274,49,1
36,111,283,48,1
38,111,288,48,1
40,111,335,48,1
42,111,344,48,1
44,111,348,48,1
46,111,339,48,1
48,111,325,48,1
50,111,317,48,1
52,111,307,48,1
54,111,300,49,1
56,111,291,49,1
58,111,286,49,1
60,111,277,49,1
62,111,240,48,1
64,111,250,48,1
66,111,256,48,1
68,111,255,48,1
70,111,248,48,1
72,111,246,48,1
74,111,246,48,1
76,111,244,48,1
78,111,243,48,1
80,111,239,48,1
82,111,237,48,1
84,111,235,48,1
86,111,234,48,1
88,111,232,49,1
90,111,231,48,1
92,111,230,48,1
94,111,230,48,1
96,111,230,48,1
98,111,230,49,1
100,111,230,48,1
102,111,232,49,1
104,111,232,48,1
106,111,233,48,1
108,111,234,49,1
110,111,236,48,1
112,111,238,49,1
114,111,240,48,1
116,111,243,48,1
118,111,247,48,1
120,111,252,49,1
122,111,248,48,1
124,111,191,48,1
126,111,192,48,1
128,111,214,48,1
130,111,212,48,1
132,111,197,49,1
134,111,199,49,1
136,111,192,49,1
138,111,43,49,1
140,111,46,48,1
142,111,49,48,1
144,111,53,48,1
146,111,57,48,1
148,111,62,48,1
150,111,65,48,1
152,111,70,48,1
154,111,73,48,1
156,111,77,48,1
158,111,123,48,1
160,111,125,48,1
162,111,121,48,1
164,111,112,48,1
166,111,119,48,1
164,111,119,48,1
162,111,119,48,1
160,111,109,48,1
158,111,123,48,1
156,111,125,48,1
154,111,91,48,1
152,111,75,48,1
150,111,73,48,1
148,111,68,48,1
146,111,64,48,1
144,111,58,48,1
142,111,54,48,1
140,111,49,48,1
138,111,48,48,1
136,111,44,48,1
134,111,42,48,1
132,111,196,48,1
130,111,199,48,1
128,111,201,48,1
126,111,216,48,1
124,111,202,48,1
122,111,190,48,1
120,111,236,48,1
118,111,253,48,1
116,111,248,48,1
114,111,245,48,1
112,111,242,48,1
110,111,239,48,1
108,111,237,48,1
106,111,236,48,1
104,111,234,48,1
102,111,233,48,1
100,111,231,48,1
98,111,230,48,1
96,111,230,48,1
94,111,230,48,1
92,111,230,48,1
90,111,230,48,1
88,111,231,48,1
86,111,231,48,1
84,111,233,48,1
82,111,234,48,1
80,111,236,48,1
78,111,235,48,1
76,111,236,48,1
74,111,237,48,1
72,111,239,48,1
70,111,241,48,1
68,111,244,48,1
66,111,250,48,1
64,111,229,48,1
62,111,200,48,1
60,111,201,48,1
58,111,240,48,1
56,111,283,48,1
54,111,289,48,1
52,111,297,48,1
50,111,303,48,1
48,111,311,48,1
46,111,321,48,1
44,111,333,48,1
42,111,346,49,1
40,111,350,49,1
38,111,342,48,1
36,111,293,48,1
34,111,284,48,1
32,111,275,48,1
30,111,271,48,1
28,111,264,48,1
26,111,260,48,1
24,111,256,49,1
22,111,253,48,1
20,111,250,48,1
18,111,292,48,1
16,111,278,48,1
14,111,256,48,1
12,111,232,49,1
10,111,256,48,1
8,111,266,48,1
6,111,258,49,1
4,111,262,48,1
2,111,262,49,1
0,111,260,49,1
2,111,259,48,1
4,111,261,48,1
6,111,262,48,1
8,111,259,49,1
10,111,261,48,1
12,111,267,48,1
14,111,254,49,1
16,111,235,48,1
18,111,299,49,1
20,111,261,49,1
22,111,285,48,1
24,111,252,48,1
26,111,255,49,1
28,111,259,48,1
30,111,262,48,1
32,111,268,48,1
34,111,273,48,1
36,111,281,48,1
38,111,286,48,1
40,111,331,49,1
42,111,342,49,1
44,111,346,48,1
46,111,340,49,1
48,111,326,49,1
50,111,317,49,1
52,111,305,48,1
54,111,299,48,1
56,111,288,49,1
58,111,285,48,1
60,111,271,49,1
62,111,246,49,1
64,111,249,49,1
66,111,254,49,1
68,111,257,48,1
70,111,248,49,1
72,111,246,48,1
74,111,245,49,1
76,111,244,48,1
78,111,242,49,1
80,111,239,48,1
82,111,237,48,1
84,111,235,49,1
86,111,233,48,1
88,111,232,48,1
90,111,231,49,1
92,111,231,49,1
94,111,230,48,1
96,111,230,48,1
98,111,230,48,1
100,111,231,49,1
102,111,231,49,1
104,111,232,49,1
106,111,233,49,1
108,111,234,49,1
110,111,236,49,1
112,111,238,49,1
114,111,240,49,1
116,111,244,48,1
118,111,247,49,1
120,111,251,49,1
122,111,251,49,1
124,111,194,49,1
126,111,192,49,1
128,111,216,49,1
130,111,214,49,1
132,111,198,49,1
134,111,199,49,1
136,111,117,49,1
138,111,43,49,1
140,111,46,49,1
142,111,49,49,1
144,111,53,48,1
146,111,56,48,1
148,111,61,48,1
150,111,65,48,1
152,111,70,48,1
154,111,73,48,1
156,111,77,48,1
158,111,120,48,1
160,111,125,48,1
162,111,123,48,1
164,111,114,48,1
166,111,119,48,1
164,111,119,48,1
162,111,119,48,1
160,111,108,48,1
158,111,123,48,1
156,111,126,48,1
154,111,101,48,1
152,111,76,48,1
150,111,73,48,1
148,111,68,48,1
146,111,63,48,1
144,111,58,48,1
142,111,54,48,1
140,111,51,48,1
138,111,47,48,1
136,111,44,48,1
134,111,43,48,1
132,111,199,48,1
130,111,198,48,1
128,111,208,48,1
126,111,216,48,1
124,111,212,48,1
122,111,190,48,1
120,111,231,48,1
118,111,253,48,1
116,111,248,48,1
114,111,246,48,1
112,111,241,49,1
110,111,239,48,1
108,111,235,48,1
106,111,225,48,1
104,111,177,48,1
102,111,176,48,1
100,111,174,49,1
98,111,176,49,1
96,111,176,48,1
94,111,175,48,1
92,111,175,48,1
90,111,225,48,1
88,111,231,48,1
86,111,231,49,1
84,111,233,48,1
82,111,234,48,1
80,111,236,49,1
78,111,236,48,1
76,111,237,48,1
74,111,237,49,1
72,111,239,49,1
70,111,241,49,1
68,111,246,48,1
66,111,249,49,1
64,111,235,49,1
62,111,204,49,1
60,111,199,48,1
58,111,229,49,1
56,111,284,48,1
54,111,289,49,1
52,111,298,49,1
50,111,303,49,1
48,111,314,49,1
46,111,323,48,1
44,111,336,48,1
42,111,347,48,1
40,111,347,48,1
38,111,345,49,1
36,111,295,49,1
34,111,285,49,1
32,111,277,48,1
30,111,271,48,1
28,111,265,48,1
26,111,260,48,1
24,111,256,49,1
22,111,252,49,1
20,111,255,49,1
18,111,288,48,1
16,111,286,48,1
14,111,248,49,1
12,111,233,48,1
10,111,250,48,1
8,111,267,49,1
6,111,260,48,1
4,111,261,49,1
2,111,262,49,1
DET,101,174,36
0,111,260,49,1
2,111,258,49,1
4,111,261,49,1
6,111,262,49,1
8,111,258,49,1
10,111,261,49,1
12,111,268,49,1
14,111,248,49,1
16,111,239,49,1
18,111,302,49,1
20,111,261,49,1
22,111,282,49,1
24,111,251,49,1
26,111,254,49,1
28,111,258,49,1
30,111,261,49,1
32,111,268,49,1
34,111,274,49,1
36,111,283,49,1
38,111,288,49,1
40,111,333,49,1
42,111,342,49,1
44,111,346,49,1
46,111,339,49,1
48,111,327,49,1
50,111,318,49,1
52,111,307,49,1
54,111,299,49,1
56,111,289,49,1
58,111,285,49,1
60,111,274,49,1
62,111,244,49,1
64,111,251,49,1
66,111,258,49,1
68,111,256,49,1
70,111,249,49,1
72,111,247,49,1
74,111,246,49,1
76,111,244,49,1
78,111,243,49,1
80,111,239,49,1
82,111,237,48,1
84,111,235,49,1
86,111,234,49,1
88,111,232,49,1
90,111,211,49,1
92,111,171,49,1
94,111,172,49,1
96,111,171,49,1
98,111,170,49,1
100,111,170,49,1
102,111,172,49,1
104,111,174,49,1
106,111,178,49,1
108,111,201,49,1
110,111,236,49,1
112,111,239,49,1
114,111,240,49,1
116,111,243,49,1
118,111,246,49,1
120,111,251,49,1
122,111,249,48,1
124,111,192,49,1
126,111,191,49,1
128,111,215,49,1
130,111,212,49,1
132,111,198,49,1
134,111,199,49,1
136,111,140,49,1
138,111,43,49,1
140,111,45,49,1
142,111,48,48,1
144,111,53,48,1
146,111,56,48,1
148,111,61,48,1
150,111,65,48,1
152,111,70,48,1
154,111,74,48,1
156,111,76,48,1
158,111,115,48,1
160,111,125,48,1
162,111,123,48,1
164,111,106,48,1
DET,99,170,43
166,111,119,48,1
164,111,119,48,1
162,111,119,48,1
160,111,108,48,1
158,111,123,48,1
156,111,125,48,1
154,111,91,48,1
152,111,75,48,1
150,111,73,48,1
148,111,67,48,1
146,111,63,48,1
144,111,58,48,1
142,111,54,48,1
140,111,51,48,1
138,111,47,48,1
136,111,44,48,1
134,111,42,48,1
132,111,200,48,1
130,111,199,48,1
128,111,202,48,1
126,111,215,48,1
124,111,205,48,1
122,111,190,48,1
120,111,244,48,1
118,111,254,48,1
116,111,248,49,1
114,111,245,49,1
112,111,241,49,1
110,111,240,49,1
108,111,237,48,1
106,111,235,49,1
104,111,190,49,1
102,111,178,48,1
100,111,173,48,1
98,111,171,49,1
96,111,171,49,1
94,111,171,49,1
92,111,172,48,1
90,111,173,49,1
88,111,205,49,1
86,111,231,49,1
84,111,234,49,1
82,111,234,49,1
80,111,236,49,1
78,111,236,49,1
76,111,237,49,1
74,111,237,49,1
72,111,238,49,1
70,111,241,49,1
68,111,244,49,1
66,111,250,49,1
64,111,224,48,1
62,111,200,49,1
60,111,201,49,1
58,111,230,49,1
56,111,283,49,1
54,111,291,49,1
52,111,296,49,1
50,111,302,49,1
48,111,312,49,1
46,111,322,49,1
44,111,335,49,1
42,111,346,49,1
40,111,349,49,1
38,111,343,49,1
36,111,292,49,1
34,111,284,49,1
32,111,275,49,1
30,111,271,49,1
28,111,265,49,1
26,111,261,49,1
24,111,256,49,1
22,111,253,49,1
20,111,251,48,1
18,111,292,49,1
16,111,276,49,1
14,111,253,49,1
12,111,233,49,1
10,111,257,49,1
8,111,266,49,1
6,111,259,49,1
4,111,262,49,1
2,111,262,49,1
DET,100,171,47
0,111,260,49,1
2,111,257,49,1
4,111,261,49,1
6,111,262,49,1
8,111,259,49,1
10,111,261,49,1
12,111,267,49,1
14,111,255,49,1
16,111,235,48,1
18,111,298,49,1
20,111,262,49,1
22,111,282,49,1
24,111,252,49,1
26,111,254,49,1
28,111,259,49,1
30,111,262,49,1
32,111,270,49,1
34,111,273,49,1
36,111,282,49,1
38,111,287,49,1
40,111,331,49,1
42,111,341,49,1
44,111,348,49,1
46,111,339,49,1
48,111,326,49,1
50,111,316,49,1
52,111,306,49,1
54,111,298,49,1
56,111,289,49,1
58,111,285,49,1
60,111,272,49,1
62,111,242,49,1
64,111,251,49,1
66,111,255,49,1
68,111,256,49,1
70,111,248,49,1
72,111,247,49,1
74,111,245,49,1
76,111,244,49,1
78,111,242,49,1
80,111,239,49,1
82,111,237,49,1
84,111,234,49,1
86,111,234,49,1
88,111,232,49,1
90,111,190,49,1
92,111,174,49,1
94,111,174,49,1
96,111,172,49,1
98,111,171,49,1
100,111,172,49,1
102,111,173,49,1
104,111,174,49,1
106,111,181,49,1
108,111,228,49,1
110,111,237,49,1
112,111,238,49,1
114,111,240,49,1
116,111,244,49,1
118,111,247,49,1
120,111,250,49,1
122,111,252,49,1
124,111,194,49,1
126,111,189,49,1
128,111,211,49,1
130,111,215,49,1
132,111,198,49,1
134,111,199,49,1
136,111,145,49,1
138,111,43,49,1
140,111,46,49,1
142,111,49,49,1
144,111,54,48,1
146,111,57,48,1
148,111,61,48,1
150,111,64,48,1
152,111,69,48,1
154,111,71,48,1
156,111,76,48,1
158,111,99,48,1
160,111,125,48,1
162,111,123,48,1
164,111,116,48,1
DET,98,171,52
166,111,119,48,1
164,111,119,48,1
162,111,119,48,1
160,111,108,48,1
158,111,123,48,1
156,111,126,49,1
154,111,102,49,1
152,111,76,48,1
150,111,73,49,1
148,111,68,48,1
146,111,64,48,1
144,111,59,48,1
142,111,54,48,1
140,111,50,48,1
138,111,48,48,1
136,111,44,48,1
134,111,43,48,1
132,111,199,48,1
130,111,197,48,1
128,111,208,48,1
126,111,217,48,1
124,111,212,48,1
122,111,191,48,1
120,111,237,49,1
118,111,254,48,1
116,111,250,49,1
114,111,246,49,1
112,111,242,49,1
110,111,239,49,1
108,111,237,48,1
106,111,235,49,1
104,111,185,49,1
102,111,176,49,1
100,111,174,49,1
98,111,172,49,1
96,111,172,49,1
94,111,172,49,1
92,111,172,49,1
90,111,174,49,1
88,111,201,49,1
86,111,231,49,1
84,111,232,49,1
82,111,235,49,1
80,111,236,49,1
78,111,237,49,1
76,111,237,49,1
74,111,238,49,1
72,111,240,49,1
70,111,241,49,1
68,111,244,49,1
66,111,249,49,1
64,111,249,49,1
62,111,203,49,1
60,111,199,49,1
58,111,225,49,1
56,111,282,49,1
54,111,289,49,1
52,111,298,49,1
50,111,304,49,1
48,111,313,49,1
46,111,323,49,1
44,111,336,49,1
42,111,347,49,1
40,111,346,49,1
38,111,342,49,1
36,111,295,49,1
34,111,285,49,1
32,111,277,49,1
30,111,272,49,1
28,111,265,49,1
26,111,260,49,1
24,111,255,49,1
22,111,252,49,1
20,111,256,49,1
18,111,289,49,1
16,111,284,49,1
14,111,248,49,1
12,111,232,49,1
10,111,252,49,1
8,111,266,49,1
6,111,259,49,1
4,111,261,49,1
2,111,262,49,1
DET,100,172,45
0,111,260,49,1
2,111,258,49,1
4,111,260,49,1
6,111,262,49,1
8,111,258,49,1
10,111,261,49,1
12,111,268,49,1
14,111,246,49,1
16,111,236,49,1
18,111,302,49,1
20,111,262,49,1
22,111,284,49,1
24,111,251,49,1
26,111,253,49,1
28,111,258,49,1
30,111,262,49,1
32,111,269,49,1
34,111,275,49,1
36,111,282,49,1
38,111,288,49,1
40,111,335,49,1
42,111,343,49,1
44,111,347,49,1
46,111,340,49,1
48,111,328,49,1
50,111,317,49,1
52,111,307,49,1
54,111,297,49,1
56,111,291,49,1
58,111,286,49,1
60,111,274,49,1
62,111,246,49,1
64,111,252,49,1
66,111,257,49,1
68,111,256,49,1
70,111,249,49,1
72,111,247,49,1
74,111,246,49,1
76,111,244,49,1
78,111,242,49,1
80,111,239,49,1
82,111,237,49,1
84,111,235,49,1
86,111,234,49,1
88,111,232,49,1
90,111,203,49,1
92,111,174,49,1
94,111,173,49,1
96,111,171,49,1
98,111,171,49,1
100,111,171,49,1
102,111,173,49,1
104,111,175,49,1
106,111,180,49,1
108,111,218,49,1
110,111,236,49,1
112,111,238,49,1
114,111,240,49,1
116,111,243,49,1
118,111,247,49,1
120,111,250,49,1
122,111,250,49,1
124,111,192,49,1
126,111,191,49,1
128,111,212,49,1
130,111,211,49,1
132,111,197,49,1
134,111,199,49,1
136,111,183,49,1
138,111,43,49,1
140,111,45,49,1
142,111,49,49,1
144,111,54,49,1
146,111,57,48,1
148,111,61,48,1
150,111,65,48,1
152,111,71,48,1
154,111,74,48,1
156,111,76,48,1
158,111,87,48,1
160,111,125,48,1
162,111,123,48,1
164,111,112,48,1
DET,99,171,43
166,111,120,48,1
164,111,119,48,1
162,111,119,48,1
160,111,106,48,1
158,111,123,48,1
156,111,125,48,1
154,111,90,48,1
152,111,76,48,1
150,111,73,48,1
148,111,68,49,1
146,111,63,49,1
144,111,58,48,1
142,111,54,49,1
140,111,51,49,1
138,111,48,49,1
136,111,45,48,1
134,111,43,49,1
132,111,198,48,1
130,111,198,48,1
128,111,205,48,1
126,111,215,49,1
124,111,207,48,1
122,111,191,49,1
120,111,240,49,1
118,111,253,48,1
116,111,249,49,1
114,111,246,49,1
112,111,242,48,1
110,111,239,49,1
108,111,236,49,1
106,111,235,49,1
104,111,192,49,1
102,111,181,49,1
100,111,174,49,1
98,111,172,49,1
96,111,172,49,1
94,111,172,49,1
92,111,172,49,1
90,111,175,49,1
88,111,197,49,1
86,111,231,49,1
84,111,233,49,1
82,111,234,49,1
80,111,236,49,1
78,111,237,49,1
76,111,237,49,1
74,111,236,49,1
72,111,239,49,1
70,111,240,49,1
68,111,245,49,1
66,111,251,49,1
64,111,228,49,1
62,111,199,49,1
60,111,201,49,1
58,111,235,49,1
56,111,283,49,1
54,111,289,49,1
52,111,296,49,1
50,111,302,49,1
48,111,311,49,1
46,111,322,49,1
44,111,333,49,1
42,111,344,49,1
40,111,350,49,1
38,111,342,49,1
36,111,291,49,1
34,111,283,49,1
32,111,277,49,1
30,111,271,49,1
28,111,264,49,1
26,111,260,49,1
24,111,256,49,1
22,111,252,49,1
20,111,251,49,1
18,111,293,49,1
16,111,274,49,1
14,111,261,49,1
12,111,232,49,1
10,111,258,49,1
8,111,266,49,1
6,111,259,49,1
4,111,261,49,1
2,111,262,49,1
DET,100,172,47
0,111,260,49,1
2,111,257,49,1
4,111,261,49,1
6,111,262,49,1
8,111,259,49,1
10,111,261,49,1
12,111,267,49,1
14,111,254,49,1
16,111,236,49,1
18,111,299,49,1
20,111,261,49,1
22,111,280,49,1
24,111,251,49,1
26,111,253,49,1
28,111,259,49,1
30,111,262,49,1
32,111,269,49,1
34,111,274,49,1
36,111,281,49,1
38,111,288,49,1
40,111,328,49,1
42,111,343,49,1
44,111,346,49,1
46,111,337,49,1
48,111,324,49,1
50,111,317,49,1
52,111,307,49,1
54,111,297,49,1
56,111,290,49,1
58,111,284,49,1
60,111,270,49,1
62,111,246,49,1
64,111,254,49,1
66,111,257,49,1
68,111,257,49,1
70,111,249,49,1
72,111,247,49,1
74,111,246,49,1
76,111,244,49,1
78,111,242,49,1
80,111,239,49,1
82,111,237,49,1
84,111,235,49,1
86,111,234,49,1
88,111,232,49,1
90,111,193,49,1
92,111,173,49,1
94,111,173,49,1
96,111,171,49,1
98,111,171,49,1
100,111,173,49,1
102,111,173,49,1
104,111,174,49,1
106,111,180,49,1
108,111,233,49,1
110,111,237,49,1
112,111,238,49,1
114,111,240,49,1
116,111,243,49,1
118,111,247,49,1
120,111,252,49,1
122,111,249,49,1
124,111,195,49,1
126,111,190,49,1
128,111,218,49,1
130,111,213,49,1
132,111,198,49,1
134,111,199,49,1
136,111,127,49,1
138,111,43,49,1
140,111,46,49,1
142,111,49,49,1
144,111,54,49,1
146,111,57,49,1
148,111,62,49,1
150,111,66,48,1
152,111,70,48,1
154,111,74,49,1
156,111,77,48,1
158,111,120,48,1
160,111,125,48,1
162,111,122,48,1
164,111,118,48,1
DET,99,171,43
166,111,119,48,1
164,111,119,49,1
162,111,120,48,1
160,111,108,48,1
158,111,123,49,1
156,111,126,49,1
154,111,104,49,1
152,111,76,49,1
150,111,74,49,1
148,111,69,49,1
146,111,64,49,1
144,111,60,49,1
142,111,55,49,1
140,111,50,49,1
138,111,48,49,1
136,111,44,49,1
134,111,44,49,1
132,111,200,49,1
130,111,198,48,1
128,111,208,49,1
126,111,217,49,1
124,111,210,49,1
122,111,190,49,1
120,111,233,49,1
118,111,253,49,1
116,111,249,49,1
114,111,246,49,1
112,111,242,49,1
110,111,239,49,1
108,111,236,49,1
106,111,235,49,1
104,111,185,49,1
102,111,179,49,1
100,111,173,49,1
98,111,171,49,1
96,111,171,49,1
94,111,170,49,1
92,111,171,49,1
90,111,172,49,1
88,111,194,49,1
86,111,231,49,1
84,111,233,49,1
82,111,235,49,1
80,111,237,49,1
78,111,236,49,1
76,111,236,49,1
74,111,237,49,1
72,111,239,49,1
70,111,241,49,1
68,111,244,49,1
66,111,248,49,1
64,111,251,49,1
62,111,203,49,1
60,111,200,49,1
58,111,224,49,1
56,111,283,49,1
54,111,289,49,1
52,111,299,49,1
50,111,303,49,1
48,111,313,49,1
46,111,322,49,1
44,111,335,49,1
42,111,346,49,1
40,111,347,49,1
38,111,345,49,1
36,111,297,49,1
34,111,284,49,1
32,111,277,49,1
30,111,271,49,1
28,111,266,49,1
26,111,261,49,1
24,111,256,49,1
22,111,252,49,1
20,111,258,49,1
18,111,286,49,1
16,111,284,49,1
14,111,249,49,1
12,111,232,49,1
10,111,262,49,1
8,111,267,49,1
6,111,261,49,1
4,111,261,49,1
2,111,262,49,1
DET,100,170,45
0,111,260,49,1
2,111,259,49,1
4,111,261,49,1
6,111,263,49,1
8,111,258,49,1
10,111,261,49,1
12,111,267,49,1
14,111,247,49,1
16,111,238,49,1
18,111,302,49,1
20,111,262,49,1
22,111,285,49,1
24,111,251,49,1
26,111,253,49,1
28,111,258,49,1
30,111,261,49,1
32,111,268,49,1
34,111,274,49,1
36,111,282,49,1
38,111,289,49,1
40,111,334,49,1
42,111,343,49,1
44,111,347,49,1
46,111,337,49,1
48,111,325,49,1
50,111,317,49,1
52,111,307,49,1
54,111,299,49,1
56,111,291,49,1
58,111,286,49,1
60,111,275,49,1
62,111,249,49,1
64,111,252,49,1
66,111,259,49,1
68,111,255,49,1
70,111,249,49,1
72,111,248,49,1
74,111,246,49,1
76,111,244,49,1
78,111,242,49,1
80,111,239,49,1
82,111,237,49,1
84,111,235,49,1
86,111,234,49,1
88,111,232,49,1
90,111,202,49,1
92,111,173,49,1
94,111,173,49,1
96,111,171,49,1
98,111,171,49,1
100,111,172,49,1
102,111,173,49,1
104,111,175,49,1
106,111,180,49,1
108,111,220,49,1
110,111,236,49,1
112,111,238,49,1
114,111,239,49,1
116,111,242,49,1
118,111,246,49,1
120,111,251,49,1
122,111,250,49,1
124,111,192,49,1
126,111,193,49,1
128,111,213,49,1
130,111,212,49,1
132,111,197,49,1
134,111,199,49,1
136,111,189,49,1
138,111,43,49,1
140,111,45,49,1
142,111,49,49,1
144,111,53,49,1
146,111,57,49,1
148,111,61,49,1
150,111,66,48,1
152,111,71,48,1
154,111,74,48,1
156,111,78,48,1
158,111,123,48,1
160,111,125,48,1
162,111,122,48,1
164,111,108,48,1
DET,99,171,43
166,111,119,48,1
164,111,119,48,1
162,111,119,49,1
160,111,107,49,1
158,111,123,49,1
156,111,125,49,1
154,111,97,49,1
152,111,75,49,1
150,111,73,49,1
148,111,67,49,1
146,111,64,49,1
144,111,58,49,1
142,111,54,49,1
140,111,49,49,1
138,111,48,49,1
136,111,44,49,1
134,111,43,49,1
132,111,199,49,1
130,111,198,49,1
128,111,207,49,1
126,111,215,49,1
124,111,210,49,1
122,111,191,49,1
120,111,245,49,1
118,111,253,49,1
116,111,249,49,1
114,111,245,49,1
112,111,241,49,1
110,111,240,49,1
108,111,237,49,1
106,111,235,49,1
104,111,197,49,1
102,111,180,49,1
100,111,173,49,1
98,111,172,49,1
96,111,171,49,1
94,111,171,49,1
92,111,172,49,1
90,111,173,49,1
88,111,210,49,1
86,111,231,49,1
84,111,233,49,1
82,111,235,49,1
80,111,236,49,1
78,111,237,49,1
76,111,236,49,1
74,111,238,49,1
72,111,240,49,1
70,111,241,49,1
68,111,245,49,1
66,111,250,49,1
64,111,235,49,1
62,111,199,49,1
60,111,201,49,1
58,111,231,49,1
56,111,283,49,1
54,111,290,49,1
52,111,297,49,1
50,111,302,49,1
48,111,312,49,1
46,111,321,49,1
44,111,333,49,1
42,111,343,49,1
40,111,349,49,1
38,111,342,49,1
36,111,292,49,1
34,111,284,49,1
32,111,276,49,1
30,111,270,49,1
28,111,264,49,1
26,111,260,49,1
24,111,255,49,1
22,111,252,49,1
20,111,251,49,1
18,111,292,49,1
16,111,274,49,1
14,111,260,49,1
12,111,232,49,1
10,111,260,49,1
8,111,266,49,1
6,111,257,49,1
4,111,261,49,1
2,111,261,49,1
DET,99,171,37
0,111,259,49,1
2,111,258,49,1
4,111,260,49,1
6,111,261,49,1
8,111,259,49,1
10,111,259,49,1
12,111,267,49,1
14,111,254,49,1
16,111,235,49,1
18,111,299,49,1
20,111,261,49,1
22,111,282,49,1
24,111,251,49,1
26,111,254,49,1
28,111,259,49,1
30,111,261,49,1
32,111,269,49,1
34,111,274,49,1
36,111,281,49,1
38,111,288,49,1
40,111,329,49,1
42,111,340,49,1
44,111,348,49,1
46,111,339,49,1
48,111,325,49,1
50,111,317,49,1
52,111,306,49,1
54,111,297,49,1
56,111,289,49,1
58,111,284,49,1
60,111,270,49,1
62,111,246,49,1
64,111,254,49,1
66,111,256,49,1
68,111,256,49,1
70,111,248,49,1
72,111,248,49,1
74,111,246,49,1
76,111,243,49,1
78,111,242,49,1
80,111,239,49,1
82,111,236,49,1
84,111,235,49,1
86,111,234,49,1
88,111,232,49,1
90,111,212,49,1
92,111,174,49,1
94,111,173,49,1
96,111,171,49,1
98,111,171,49,1
100,111,171,49,1
102,111,173,49,1
104,111,174,49,1
106,111,180,49,1
108,111,232,49,1
110,111,236,49,1
112,111,239,49,1
114,111,240,49,1
116,111,243,49,1
118,111,248,49,1
120,111,252,49,1
122,111,250,49,1
124,111,200,49,1
126,111,190,49,1
128,111,215,49,1
130,111,215,49,1
132,111,197,49,1
134,111,199,49,1
136,111,166,49,1
138,111,43,49,1
140,111,46,49,1
142,111,49,49,1
144,111,53,49,1
146,111,56,49,1
148,111,61,49,1
150,111,65,49,1
152,111,70,49,1
154,111,74,49,1
156,111,78,48,1
158,111,117,49,1
160,111,125,48,1
162,111,123,48,1
164,111,116,49,1
DET,99,171,43
166,111,120,48,1
164,111,119,49,1
162,111,120,49,1
160,111,106,49,1
158,111,123,49,1
156,111,126,49,1
154,111,84,49,1
152,111,76,49,1
150,111,74,49,1
148,111,69,49,1
146,111,64,49,1
144,111,59,49,1
142,111,55,49,1
140,111,50,49,1
138,111,48,49,1
136,111,45,49,1
134,111,43,49,1
132,111,199,49,1
130,111,198,49,1
128,111,209,49,1
126,111,217,49,1
124,111,209,49,1
122,111,191,49,1
120,111,227,49,1
118,111,252,49,1
116,111,249,49,1
114,111,246,49,1
112,111,243,49,1
110,111,239,49,1
108,111,236,49,1
106,111,235,49,1
104,111,187,49,1
102,111,178,49,1
100,111,173,49,1
98,111,171,49,1
96,111,171,49,1
94,111,171,49,1
92,111,171,49,1
90,111,173,49,1
88,111,191,49,1
86,111,230,49,1
84,111,233,49,1
82,111,234,49,1
80,111,236,49,1
78,111,235,49,1
76,111,237,49,1
74,111,238,49,1
72,111,240,49,1
70,111,241,49,1
68,111,245,49,1
66,111,249,49,1
64,111,244,49,1
62,111,202,49,1
60,111,200,49,1
58,111,226,49,1
56,111,282,49,1
54,111,288,49,1
52,111,298,49,1
50,111,303,49,1
48,111,312,49,1
46,111,322,49,1
44,111,336,49,1
42,111,345,49,1
40,111,348,49,1
38,111,339,49,1
36,111,297,49,1
34,111,285,49,1
32,111,278,49,1
30,111,271,49,1
28,111,265,49,1
26,111,260,49,1
24,111,256,49,1
22,111,252,49,1
20,111,256,49,1
18,111,291,49,1
16,111,282,49,1
14,111,249,49,1
12,111,233,49,1
10,111,262,49,1
8,111,267,49,1
6,111,260,49,1
4,111,261,49,1
2,111,262,49,1
DET,100,171,46
0,111,261,49,1
2,111,259,49,1
4,111,261,49,1
6,111,262,49,1
8,111,258,49,1
10,111,260,49,1
12,111,267,49,1
14,111,249,49,1
16,111,237,49,1
18,111,301,49,1
20,111,262,49,1
22,111,282,49,1
24,111,251,49,1
26,111,254,49,1
28,111,258,49,1
30,111,261,49,1
32,111,268,49,1
34,111,274,49,1
36,111,282,49,1
38,111,288,49,1
40,111,335,49,1
42,111,343,49,1
44,111,348,49,1
46,111,339,49,1
48,111,326,49,1
50,111,318,49,1
52,111,306,49,1
54,111,299,49,1
56,111,291,49,1
58,111,285,49,1
60,111,277,49,1
62,111,246,49,1
64,111,255,49,1
66,111,258,49,1
68,111,255,49,1
70,111,249,49,1
72,111,247,49,1
74,111,246,49,1
76,111,243,49,1
78,111,242,49,1
80,111,239,49,1
82,111,237,49,1
84,111,235,49,1
86,111,234,49,1
88,111,232,49,1
90,111,208,49,1
92,111,172,49,1
94,111,171,49,1
96,111,170,49,1
98,111,170,49,1
100,111,171,49,1
102,111,172,49,1
104,111,173,49,1
106,111,181,49,1
108,111,229,49,1
110,111,236,49,1
112,111,238,49,1
114,111,240,49,1
116,111,243,49,1
118,111,247,49,1
120,111,252,49,1
122,111,249,49,1
124,111,192,49,1
126,111,192,49,1
128,111,219,49,1
130,111,213,49,1
132,111,197,49,1
134,111,199,49,1
136,111,79,49,1
138,111,42,49,1
140,111,45,49,1
142,111,48,49,1
144,111,53,49,1
146,111,57,49,1
148,111,61,49,1
150,111,66,49,1
152,111,72,49,1
154,111,75,48,1
156,111,77,49,1
158,111,123,49,1
160,111,125,48,1
162,111,124,48,1
164,111,120,48,1
DET,99,170,43
166,111,120,49,1
164,111,119,49,1
162,111,120,49,1
160,111,106,49,1
158,111,123,49,1
156,111,125,49,1
154,111,99,49,1
152,111,76,49,1
150,111,73,49,1
148,111,68,49,1
146,111,63,49,1
144,111,58,49,1
142,111,55,49,1
140,111,50,49,1
138,111,48,49,1
136,111,45,49,1
134,111,43,49,1
132,111,199,49,1
130,111,198,49,1
128,111,206,49,1
126,111,215,49,1
124,111,211,49,1
122,111,191,49,1
120,111,239,49,1
118,111,253,49,1
116,111,249,49,1
114,111,246,49,1
112,111,241,49,1
110,111,239,49,1
108,111,237,49,1
106,111,235,49,1
104,111,186,49,1
102,111,178,49,1
100,111,172,49,1
98,111,170,49,1
96,111,170,49,1
94,111,169,49,1
92,111,170,49,1
90,111,171,49,1
88,111,204,49,1
86,111,231,49,1
84,111,233,49,1
82,111,234,49,1
80,111,236,49,1
78,111,236,49,1
76,111,237,49,1
74,111,237,49,1
72,111,239,49,1
70,111,241,49,1
68,111,245,49,1
66,111,252,49,1
64,111,225,49,1
62,111,199,49,1
60,111,201,49,1
58,111,231,49,1
56,111,282,49,1
54,111,290,49,1
52,111,300,49,1
50,111,302,49,1
48,111,312,49,1
46,111,321,49,1
44,111,333,49,1
42,111,344,49,1
40,111,348,49,1
38,111,342,49,1
36,111,292,49,1
34,111,284,49,1
32,111,276,49,1
30,111,271,49,1
28,111,265,49,1
26,111,260,49,1
24,111,255,49,1
22,111,253,49,1
20,111,251,49,1
18,111,291,49,1
16,111,276,49,1
14,111,258,49,1
12,111,232,49,1
10,111,254,49,1
8,111,266,49,1
6,111,259,49,1
4,111,262,49,1
2,111,263,49,1
DET,100,169,45
0,111,260,49,1
2,111,258,49,1
4,111,261,49,1
6,111,263,49,1
8,111,259,49,1
10,111,260,49,1
12,111,268,49,1
14,111,255,49,1
16,111,234,49,1
18,111,298,49,1
20,111,261,49,1
22,111,283,49,1
24,111,251,49,1
26,111,254,49,1
28,111,259,49,1
30,111,261,49,1
32,111,268,49,1
34,111,275,49,1
36,111,282,49,1
38,111,288,49,1
40,111,331,49,1
42,111,342,49,1
44,111,348,49,1
46,111,340,49,1
48,111,326,49,1
50,111,315,49,1
52,111,305,49,1
54,111,297,49,1
56,111,289,49,1
58,111,285,49,1
60,111,272,49,1
62,111,248,49,1
64,111,256,49,1
66,111,256,49,1
68,111,256,49,1
70,111,249,49,1
72,111,247,49,1
74,111,246,49,1
76,111,244,49,1
78,111,243,49,1
80,111,239,49,1
82,111,237,49,1
84,111,234,49,1
86,111,234,49,1
88,111,232,49,1
90,111,199,49,1
92,111,172,49,1
94,111,172,49,1
96,111,170,49,1
98,111,170,49,1
100,111,171,49,1
102,111,172,49,1
104,111,173,49,1
106,111,179,49,1
108,111,233,49,1
110,111,236,49,1
112,111,239,49,1
114,111,240,49,1
116,111,244,49,1
118,111,247,49,1
120,111,252,49,1
122,111,246,49,1
124,111,192,49,1
126,111,192,49,1
128,111,216,49,1
130,111,214,49,1
132,111,198,49,1
134,111,199,49,1
136,111,125,49,1
138,111,43,49,1
140,111,45,49,1
142,111,50,49,1
144,111,54,49,1
146,111,57,49,1
148,111,61,49,1
150,111,67,49,1
152,111,70,49,1
154,111,75,49,1
156,111,78,49,1
158,111,116,48,1
160,111,126,49,1
162,111,123,49,1
164,111,114,49,1
DET,99,170,43
166,111,120,49,1
164,111,119,49,1
162,111,120,49,1
160,111,114,49,1
158,111,124,49,1
156,111,126,49,1
154,111,87,49,1
152,111,75,49,1
150,111,74,49,1
148,111,68,49,1
146,111,64,49,1
144,111,59,49,1
142,111,55,49,1
140,111,50,49,1
138,111,48,49,1
136,111,45,49,1
134,111,43,49,1
132,111,199,49,1
130,111,198,49,1
128,111,207,49,1
126,111,216,49,1
124,111,204,49,1
122,111,191,49,1
120,111,231,49,1
118,111,253,49,1
116,111,249,49,1
114,111,246,49,1
112,111,242,49,1
110,111,239,49,1
108,111,237,49,1
106,111,235,49,1
104,111,184,49,1
102,111,177,49,1
100,111,172,49,1
98,111,170,49,1
96,111,170,49,1
94,111,170,49,1
92,111,170,49,1
90,111,171,49,1
88,111,190,49,1
86,111,231,49,1
84,111,233,49,1
82,111,234,49,1
80,111,235,49,1
78,111,236,49,1
76,111,237,49,1
74,111,237,49,1
72,111,239,49,1
70,111,242,49,1
68,111,246,49,1
66,111,251,49,1
64,111,250,49,1
62,111,205,49,1
60,111,200,49,1
58,111,226,49,1
56,111,282,49,1
54,111,289,49,1
52,111,298,49,1
50,111,304,49,1
48,111,313,49,1
46,111,323,49,1
44,111,334,49,1
42,111,346,49,1
40,111,348,49,1
38,111,342,49,1
36,111,297,49,1
34,111,285,49,1
32,111,277,49,1
30,111,272,49,1
28,111,266,49,1
26,111,261,49,1
24,111,256,49,1
22,111,252,49,1
20,111,253,49,1
18,111,288,49,1
16,111,284,49,1
14,111,249,49,1
12,111,233,49,1
10,111,261,49,1
8,111,265,49,1
6,111,261,49,1
4,111,261,49,1
2,111,263,49,1
DET,99,170,52
0,111,261,49,1
2,111,258,49,1
4,111,260,49,1
6,111,263,49,1
8,111,259,49,1
10,111,261,49,1
12,111,267,49,1
14,111,248,49,1
16,111,239,49,1
18,111,300,49,1
20,111,263,49,1
22,111,284,49,1
24,111,251,49,1
26,111,254,49,1
28,111,258,49,1
30,111,262,49,1
32,111,268,49,1
34,111,274,49,1
36,111,282,49,1
38,111,288,49,1
40,111,335,49,1
42,111,343,49,1
44,111,347,49,1
46,111,338,49,1
48,111,324,49,1
50,111,317,49,1
52,111,307,49,1
54,111,299,49,1
56,111,290,49,1
58,111,285,49,1
60,111,275,49,1
62,111,241,49,1
64,111,255,49,1
66,111,259,49,1
68,111,255,49,1
70,111,248,49,1
72,111,247,49,1
74,111,246,49,1
76,111,244,49,1
78,111,241,49,1
80,111,239,49,1
82,111,237,49,1
84,111,235,49,1
86,111,234,49,1
88,111,232,49,1
90,111,214,49,1
92,111,170,49,1
94,111,171,49,1
96,111,169,49,1
98,111,170,49,1
100,111,170,49,1
102,111,172,49,1
104,111,173,49,1
106,111,177,49,1
108,111,233,49,1
110,111,236,49,1
112,111,238,49,1
114,111,240,49,1
116,111,243,49,1
118,111,247,49,1
120,111,251,49,1
122,111,249,49,1
124,111,193,49,1
126,111,191,49,1
128,111,214,49,1
130,111,212,49,1
132,111,197,49,1
134,111,199,49,1
136,111,102,49,1
138,111,43,49,1
140,111,45,49,1
142,111,49,49,1
144,111,53,49,1
146,111,56,49,1
148,111,61,49,1
150,111,66,49,1
152,111,70,49,1
154,111,75,49,1
156,111,78,49,1
158,111,125,49,1
160,111,125,49,1
162,111,123,49,1
164,111,120,49,1
DET,99,169,42
166,111,120,49,1
164,111,120,49,1
162,111,119,49,1
160,111,116,49,1
158,111,123,49,1
156,111,125,49,1
154,111,96,49,1
152,111,76,49,1
150,111,73,49,1
148,111,67,49,1
146,111,64,49,1
144,111,58,49,1
142,111,55,49,1
140,111,51,49,1
138,111,47,49,1
136,111,45,49,1
134,111,43,49,1
132,111,192,49,1
130,111,198,49,1
128,111,205,49,1
126,111,215,49,1
124,111,209,49,1
122,111,191,49,1
120,111,233,49,1
118,111,253,49,1
116,111,249,49,1
114,111,246,49,1
112,111,242,49,1
110,111,238,49,1
108,111,237,49,1
106,111,235,49,1
104,111,192,49,1
102,111,179,49,1
100,111,172,49,1
98,111,170,49,1
96,111,169,49,1
94,111,170,49,1
92,111,171,49,1
90,111,170,49,1
88,111,199,49,1
86,111,231,49,1
84,111,233,49,1
82,111,235,49,1
80,111,236,49,1
78,111,236,49,1
76,111,238,49,1
74,111,237,49,1
72,111,239,49,1
70,111,241,49,1
68,111,244,49,1
66,111,250,49,1
64,111,235,49,1
62,111,203,49,1
60,111,201,49,1
58,111,229,49,1
56,111,283,49,1
54,111,290,49,1
52,111,299,49,1
50,111,304,49,1
48,111,311,49,1
46,111,321,49,1
44,111,334,49,1
42,111,344,49,1
40,111,350,49,1
38,111,344,49,1
36,111,294,49,1
34,111,284,49,1
32,111,275,49,1
30,111,271,49,1
28,111,265,49,1
26,111,261,49,1
24,111,255,49,1
22,111,252,49,1
20,111,250,49,1
18,111,293,49,1
16,111,272,49,1
14,111,259,49,1
12,111,232,49,1
10,111,254,49,1
8,111,267,49,1
6,111,260,49,1
4,111,261,49,1
2,111,262,49,1
DET,100,169,49
0,111,260,49,1
2,111,258,49,1
4,111,261,49,1
6,111,262,49,1
8,111,257,49,1
10,111,258,49,1
12,111,267,49,1
14,111,256,49,1
16,111,235,49,1
18,111,296,49,1
20,111,262,49,1
22,111,282,49,1
24,111,251,49,1
26,111,255,49,1
28,111,259,49,1
30,111,262,49,1
32,111,269,49,1
34,111,275,49,1
36,111,283,49,1
38,111,288,49,1
40,111,329,49,1
42,111,341,49,1
44,111,349,49,1
46,111,342,49,1
48,111,327,49,1
50,111,317,49,1
52,111,306,49,1
54,111,298,49,1
56,111,289,49,1
58,111,286,49,1
60,111,270,49,1
62,111,246,49,1
64,111,255,49,1
66,111,260,49,1
68,111,257,49,1
70,111,249,49,1
72,111,247,49,1
74,111,246,49,1
76,111,244,49,1
78,111,242,49,1
80,111,239,49,1
82,111,237,49,1
84,111,235,49,1
86,111,233,49,1
88,111,232,49,1
90,111,210,49,1
92,111,173,49,1
94,111,172,49,1
96,111,171,49,1
98,111,170,49,1
100,111,171,49,1
102,111,173,49,1
104,111,175,49,1
106,111,179,49,1
108,111,219,49,1
110,111,236,49,1
112,111,239,49,1
114,111,240,49,1
116,111,244,49,1
118,111,247,49,1
120,111,251,49,1
122,111,249,49,1
124,111,195,49,1
126,111,190,49,1
128,111,212,49,1
130,111,215,49,1
132,111,198,49,1
134,111,199,49,1
136,111,94,49,1
138,111,43,49,1
140,111,46,49,1
142,111,49,49,1
144,111,53,49,1
146,111,57,49,1
148,111,62,49,1
150,111,66,49,1
152,111,71,49,1
154,111,75,49,1
156,111,77,49,1
158,111,118,49,1
160,111,125,49,1
162,111,123,49,1
164,111,106,49,1
DET,99,170,43
166,111,120,49,1
164,111,119,49,1
162,111,119,49,1
160,111,106,49,1
158,111,124,49,1
156,111,125,49,1
154,111,90,49,1
152,111,76,49,1
150,111,74,49,1
148,111,69,49,1
146,111,65,49,1
144,111,58,49,1
142,111,55,49,1
140,111,50,49,1
138,111,48,49,1
136,111,44,49,1
134,111,43,49,1
132,111,198,49,1
130,111,198,49,1
128,111,205,49,1
126,111,215,49,1
124,111,200,49,1
122,111,190,49,1
120,111,230,49,1
118,111,253,49,1
116,111,249,49,1
114,111,246,49,1
112,111,242,49,1
110,111,239,49,1
108,111,237,49,1
106,111,235,49,1
104,111,193,49,1
102,111,179,49,1
100,111,172,49,1
98,111,171,49,1
96,111,170,49,1
94,111,169,49,1
92,111,170,49,1
90,111,172,49,1
88,111,173,49,1
86,111,226,49,1
84,111,233,49,1
82,111,235,49,1
80,111,236,49,1
78,111,236,49,1
76,111,237,49,1
74,111,238,49,1
72,111,239,49,1
70,111,242,49,1
68,111,245,49,1
66,111,251,49,1
64,111,226,49,1
62,111,204,49,1
60,111,199,49,1
58,111,224,49,1
56,111,281,49,1
54,111,288,49,1
52,111,298,49,1
50,111,302,49,1
48,111,313,49,1
46,111,322,49,1
44,111,336,49,1
42,111,346,49,1
40,111,349,49,1
38,111,338,49,1
36,111,290,49,1
34,111,285,49,1
32,111,277,49,1
30,111,271,49,1
28,111,266,49,1
26,111,260,49,1
24,111,255,49,1
22,111,253,49,1
20,111,255,49,1
18,111,290,49,1
16,111,287,49,1
14,111,250,49,1
12,111,232,49,1
10,111,260,49,1
8,111,265,49,1
6,111,258,49,1
4,111,260,49,1
2,111,262,49,1
DET,98,169,43
0,111,260,49,1
2,111,257,49,1
4,111,261,49,1
6,111,262,49,1
8,111,258,49,1
10,111,260,49,1
12,111,267,49,1
14,111,250,49,1
16,111,237,49,1
18,111,302,49,1
20,111,262,49,1
22,111,280,49,1
24,111,250,49,1
26,111,254,49,1
28,111,258,49,1
30,111,262,49,1
32,111,268,49,1
34,111,274,49,1
36,111,282,49,1
38,111,288,49,1
40,111,336,49,1
42,111,342,49,1
44,111,347,49,1
46,111,339,49,1
48,111,324,49,1
50,111,315,49,1
52,111,306,49,1
54,111,299,49,1
56,111,291,49,1
58,111,285,49,1
60,111,276,49,1
62,111,240,49,1
64,111,254,49,1
66,111,258,49,1
68,111,257,49,1
70,111,249,49,1
72,111,247,49,1
74,111,245,49,1
76,111,244,49,1
78,111,242,49,1
80,111,238,49,1
82,111,237,49,1
84,111,235,49,1
86,111,234,49,1
88,111,232,49,1
90,111,216,49,1
92,111,172,49,1
94,111,172,49,1
96,111,170,49,1
98,111,170,49,1
100,111,171,49,1
102,111,173,49,1
104,111,174,49,1
106,111,180,49,1
108,111,234,49,1
110,111,236,49,1
112,111,238,49,1
114,111,239,49,1
116,111,243,49,1
118,111,246,49,1
120,111,251,49,1
122,111,250,49,1
124,111,204,49,1
126,111,192,49,1
128,111,218,49,1
130,111,213,49,1
132,111,197,49,1
134,111,199,49,1
136,111,70,49,1
138,111,43,49,1
140,111,43,49,1
142,111,48,49,1
144,111,53,49,1
146,111,56,49,1
148,111,60,49,1
150,111,66,49,1
152,111,69,49,1
154,111,74,49,1
156,111,76,49,1
158,111,92,49,1
160,111,125,49,1
162,111,123,49,1
164,111,108,49,1
DET,99,170,43
166,111,120,49,1
164,111,119,49,1
162,111,120,49,1
160,111,106,49,1
158,111,123,49,1
156,111,125,49,1
154,111,93,49,1
152,111,76,49,1
150,111,73,49,1
148,111,68,49,1
146,111,63,49,1
144,111,58,49,1
142,111,54,49,1
140,111,50,49,1
138,111,48,49,1
136,111,44,49,1
134,111,43,49,1
132,111,199,49,1
130,111,199,49,1
128,111,206,49,1
126,111,215,49,1
124,111,200,49,1
122,111,191,49,1
120,111,236,49,1
118,111,254,49,1
116,111,249,49,1
114,111,246,49,1
112,111,241,49,1
110,111,239,49,1
108,111,237,49,1
106,111,235,49,1
104,111,205,49,1
102,111,181,49,1
100,111,174,49,1
98,111,173,49,1
96,111,171,49,1
94,111,171,49,1
92,111,172,49,1
90,111,173,49,1
88,111,211,49,1
86,111,232,49,1
84,111,233,49,1
82,111,234,49,1
80,111,237,49,1
78,111,236,49,1
76,111,237,49,1
74,111,238,49,1
72,111,240,49,1
70,111,241,49,1
68,111,245,49,1
66,111,250,49,1
64,111,234,49,1
62,111,198,49,1
60,111,201,49,1
58,111,225,49,1
56,111,283,49,1
54,111,289,49,1
52,111,299,49,1
50,111,303,49,1
48,111,314,49,1
46,111,321,49,1
44,111,333,49,1
42,111,345,49,1
40,111,349,49,1
38,111,342,49,1
36,111,295,49,1
34,111,285,49,1
32,111,277,49,1
30,111,271,49,1
28,111,265,49,1
26,111,260,49,1
24,111,255,49,1
22,111,252,49,1
20,111,260,49,1
18,111,290,49,1
16,111,272,49,1
14,111,264,49,1
12,111,232,49,1
10,111,253,49,1
8,111,266,49,1
6,111,260,49,1
4,111,261,49,1
2,111,261,49,1
DET,99,171,37
0,111,260,49,1
2,111,257,49,1
4,111,261,49,1
6,111,262,49,1
8,111,257,49,1
10,111,261,49,1
12,111,266,49,1
14,111,257,49,1
16,111,233,49,1
18,111,297,49,1
20,111,261,49,1
22,111,285,49,1
24,111,251,49,1
26,111,254,49,1
28,111,259,49,1
30,111,261,49,1
32,111,269,49,1
34,111,276,49,1
36,111,283,49,1
38,111,289,49,1
40,111,329,49,1
42,111,341,49,1
44,111,349,49,1
46,111,340,49,1
48,111,326,49,1
50,111,315,49,1
52,111,304,49,1
54,111,298,49,1
56,111,289,49,1
58,111,286,49,1
60,111,272,49,1
62,111,249,49,1
64,111,255,49,1
66,111,260,49,1
68,111,254,49,1
70,111,249,49,1
72,111,246,49,1
74,111,246,49,1
76,111,244,49,1
78,111,242,49,1
80,111,239,49,1
82,111,237,49,1
84,111,235,49,1
86,111,234,49,1
88,111,232,49,1
90,111,203,49,1
92,111,172,49,1
94,111,171,49,1
96,111,170,49,1
98,111,170,49,1
100,111,171,49,1
102,111,172,49,1
104,111,174,49,1
106,111,178,49,1
108,111,232,49,1
110,111,236,49,1
112,111,239,49,1
114,111,240,49,1
116,111,243,49,1
118,111,246,49,1
120,111,251,49,1
122,111,249,49,1
124,111,192,49,1
126,111,190,49,1
128,111,212,49,1
130,111,214,49,1
132,111,198,49,1
134,111,199,49,1
136,111,127,49,1
138,111,43,49,1
140,111,46,49,1
142,111,49,49,1
144,111,53,49,1
146,111,57,49,1
148,111,61,49,1
150,111,66,49,1
152,111,71,49,1
154,111,75,49,1
156,111,77,49,1
158,111,119,49,1
160,111,126,49,1
162,111,124,49,1
164,111,106,49,1
DET,99,170,43
166,111,120,49,1
164,111,119,49,1
162,111,120,49,1
160,111,108,49,1
158,111,123,49,1
156,111,125,49,1
154,111,93,49,1
152,111,75,49,1
150,111,73,49,1
148,111,69,49,1
146,111,64,49,1
144,111,59,49,1
142,111,55,49,1
140,111,50,49,1
138,111,48,49,1
136,111,44,49,1
134,111,43,49,1
132,111,200,49,1
130,111,198,49,1
128,111,206,49,1
126,111,216,49,1
124,111,202,49,1
122,111,190,49,1
120,111,241,49,1
118,111,253,49,1
116,111,249,49,1
114,111,245,49,1
112,111,242,49,1
110,111,239,49,1
108,111,237,49,1
106,111,235,49,1
104,111,210,49,1
102,111,179,49,1
100,111,171,49,1
98,111,168,49,1
96,111,167,49,1
94,111,167,49,1
92,111,167,49,1
90,111,167,49,1
88,111,162,49,1
86,111,223,49,1
84,111,233,49,1
82,111,234,49,1
80,111,235,49,1
78,111,236,49,1
76,111,237,49,1
74,111,238,49,1
72,111,239,49,1
70,111,242,49,1
68,111,245,49,1
66,111,250,49,1
64,111,228,49,1
62,111,198,49,1
60,111,200,49,1
58,111,224,49,1
56,111,282,49,1
54,111,289,49,1
52,111,297,49,1
50,111,303,49,1
48,111,313,49,1
46,111,322,49,1
44,111,334,49,1
42,111,343,49,1
40,111,348,49,1
38,111,341,49,1
36,111,291,49,1
34,111,284,49,1
32,111,278,49,1
30,111,272,49,1
28,111,266,49,1
26,111,261,49,1
24,111,255,49,1
22,111,252,49,1
20,111,251,49,1
18,111,291,49,1
16,111,283,49,1
14,111,251,49,1
12,111,232,49,1
10,111,258,49,1
8,111,265,49,1
6,111,259,49,1
4,111,262,49,1
